1 38785 -2 
2 19654 12 
3 41130 2,5 
4 44605 -2,5 
5 3549 1,5 
6 31401 24 
7 46137 -7,5 
8 8893 9 
9 32279 -2 
10 38041 -10 
11 116 0 
12 134 60 
13 9525 6 
14 10934 2 
15 140 0,5 
16 13022 5 
17 3867 18 
18 43303 32,5 
19 4479 10 
20 11924 40 
21 7995 7,5 
22 36747 100 
23 104 2 
24 3544 20 
25 23224 10 
26 45479 0 
27 3325 30 
28 11656 0,75 
29 3548 18 
30 4899 0,5 
31 4549 8 
32 25355 25 
33 3541 6 
34 37138 -5 
35 23320 4 
36 35984 20 
37 3454 187,5 
38 4794 1,5 
39 6038 120 
40 19750 36 
41 43484 5 
42 3545 3 
43 42804 6 
44 12850 17 
45 23256 2,5 
46 139 20 
47 11544 -2 
48 36012 5 
49 20011 1 
50 135 15 
51 8344 2,5 
52 37587 4 
53 38483 0 
54 3783 10 
55 9728 8 
56 119 0 
57 8341 10 
58 138 0 
59 35233 25 
60 6073 20 
61 38777 160 
62 8387 10 
63 41156 10 
64 7720 5 
65 38835 4,5 
66 11292 30 
67 4077 11 
68 6480 -2,5 
69 42629 -10 
70 8343 10 
71 36798 50 
72 8342 2,5 
73 113 20 
74 5599 250 
75 38727 0 
76 31546 16 
77 317 0,7 
78 3540 10 
79 121 35 
80 30486 0,6 
81 39244 150 
82 24090 25 
83 9301 -2 
84 9493 7,5 
85 6753 -10 
86 19686 15 
87 43806 -1 
88 43078 25 
89 4373 2 
90 25017 3 
91 41558 12 
92 19783 -15 
93 25270 5 
94 43002 225 
95 43104 -2 
96 40247 2,5 
97 9760 12 
98 41586 5 
99 42027 -2 
100 7309 -6 
1 7722 80 
2 36748 0,4 
3 644 0,5 
4 311 5 
5 40274 400 
6 8408 1 
7 7996 10 
8 46111 4,8 
9 13023 -4 
10 36799 0,2 
11 11295 1,5 
12 3547 0,25 
13 10307 60 
14 312 1 
15 301 0,25 
16 31402 8 
17 6916 3,2 
18 38786 25 
19 302 10 
20 39915 3,5 
21 32874 24 
22 5146 12 
23 8405 5 
24 325 5 
25 4481 2 
26 3469 55 
27 4187 3 
28 4656 1 
29 412 0 
30 35135 0,5 
31 327 5 
32 31876 1,25 
33 42056 0,24 
34 10243 7,5 
35 25356 0,36 
36 24352 0,3125 
37 42805 2,5 
38 19914 250 
39 8419 4,5 
40 4551 3 
41 7174 0,5 
42 44648 1,8 
43 32718 3822 
44 7343 2,5 
45 9077 1 
46 11925 0,2 
47 343 40 
48 3565 100 
49 233 30 
50 313 5 
51 38184 9 
52 43304 0,04 
53 10935 250 
54 10061 0,25 
55 20012 3 
56 10211 30 
57 8984 0,1 
58 732 16 
59 45480 15 
60 413 5 
61 336 1 
62 38042 2,5 
63 37139 6 
64 16843 0,25 
65 19882 30 
66 24091 5 
67 42268 150 
68 19719 0,6 
69 38487 100 
70 314 10 
71 9526 80 
72 9761 8 
73 7375 10 
74 31547 0,5 
75 3868 12 
76 324 5 
77 32058 11 
78 41566 10 
79 36013 4 
80 225 500 
81 319 3 
82 12851 200 
83 38728 70 
84 46138 3,3 
85 10339 40 
86 9201 1100 
87 10275 21 
88 19751 1,5 
89 322 10 
90 226 3,2 
91 38710 3 
92 228 5 
93 321 10 
94 3566 20 
95 8418 1,4 
96 6638 7,5 
97 7658 6 
98 31921 1,25 
99 323 5 
100 8417 3,6 
1 37140 4 
2 9202 24 
3 39916 18 
4 438 3 
5 4553 300 
6 24944 1000 
7 12892 25,6 
8 4116 10 
9 9140 0 
10 403 8 
11 4518 200 
12 19820 0,5 
13 4517 15000 
14 30484 10 
15 7344 -6 
16 6756 2,5 
17 32749 5 
18 420 144 
19 9303 0,4 
20 41548 3,2 
21 6723 100 
22 5357 4 
23 25235 4 
24 35986 -0,3 
25 9730 150 
26 5147 10 
27 6335 0,1 
28 10701 20 
29 35911 200 
30 38600 40 
31 416 4000 
32 43486 20 
33 5182 0 
34 3582 20 
35 20013 15 
36 7312 1 
37 742 3 
38 19924 0,17 
39 546 8 
40 7135 5 
41 436 144 
42 434 5 
43 31403 1,8 
44 10340 100 
45 38043 2000 
46 32719 1000 
47 7723 5,2 
48 10936 -10 
49 506 10 
50 7617 0 
51 4657 1500 
52 42780 810 
53 39942 11 
54 422 0,15 
55 11842 15 
56 431 3000 
57 10276 100 
58 527 6 
59 29138 32 
60 37589 45 
61 7997 15 
62 9016 0,25 
63 8853 0,5 
64 545 20 
65 3787 4 
66 518 -60 
67 11785 0,5 
68 4937 2 
69 38532 6 
70 11926 0,08 
71 23226 3 
72 24145 5 
73 38779 10 
74 24977 16 
75 512 -40 
76 417 50 
77 35136 2 
78 19883 50 
79 5287 5 
80 23290 4 
81 32653 3 
82 38729 5 
83 42029 0,75 
84 4413 8 
85 38711 0,5 
86 25019 20 
87 19915 25 
88 40275 10 
89 2528 1 
90 9171 0 
91 528 20 
92 419 1500 
93 38787 3,36 
94 8895 4 
95 31877 50 
96 517 90 
97 24353 7 
98 37180 6 
99 7615 4 
100 6845 100 
1 620 150 
2 636 1600 
3 46140 37 
4 6886 100 
5 27939 360 
6 6640 15 
7 37860 1,44 
8 605 16 
9 639 2,5 
10 612 1500 
11 9079 0,5 
12 6918 4000 
13 38044 72 
14 629 12 
15 6950 400 
16 9048 0,5 
17 38788 0,8 
18 10245 20 
19 532 700 
20 41159 5,92 
21 19657 8 
22 32579 0,1 
23 626 1250 
24 26715 100 
25 35189 0,25 
26 42270 6250 
27 20014 18,5 
28 37886 0,027 
29 10634 400 
30 710 7,5 
31 25273 4 
32 43186 119 
33 6371 62,5 
34 7724 0,7 
35 38780 14 
36 3756 0,5 
37 38461 1500 
38 29023 1 
39 6485 4 
40 10702 500 
41 7813 300 
42 43487 0,4 
43 38712 0,2 
44 630 150 
45 615 1500 
46 10462 1 
47 9496 5000 
48 24978 0,2 
49 9528 1,5 
50 531 0,75 
51 7850 5 
52 642 1,2 
53 7104 2 
54 43107 8 
55 4226 1,28 
56 37141 5 
57 43306 1 
58 11786 0,1 
59 7377 4 
60 42807 66 
61 16845 1600 
62 12930 540 
63 27116 3 
64 625 3 
65 29817 500 
66 43005 6000 
67 6846 2500 
68 36801 8 
69 23323 6,5 
70 7313 3 
71 623 160 
72 35987 15 
73 29073 0,4 
74 9731 24 
75 9287 30 
76 9017 1,5 
77 9304 0,3 
78 10063 0,5 
79 38186 215 
80 35163 6,8 
81 43055 3 
82 533 0,4 
83 29108 260 
84 6679 5 
85 11547 778 
86 640 250 
87 613 240 
88 8854 0,6 
89 25358 0,5 
90 10213 8 
91 627 4,5 
92 38838 16 
93 719 50 
94 616 30 
95 7998 18 
96 622 10 
97 8432 0,75 
98 24354 2000 
99 6724 0,9 
100 13025 5000 
1 29442 125 
2 37591 25 
3 8063 14|41 
4 8179 45|54 
5 36802 23 
6 32875 235 
7 9049 24 
8 11660 245 
9 6586 15|51 
10 40277 135 
11 43082 23 
12 43006 15 
13 9529 14|41 
14 19787 135 
15 11296 45|54 
16 10635 234 
17 8075 45|54 
18 29978 25 
19 32654 25 
20 38537 14 
21 39918 345 
22 13026 25|52 
23 7999 35|53 
24 38539 345 
25 6595 134 
26 38045 235 
27 29818 124 
28 9204 35|53 
29 8067 35|53 
30 10703 12|21 
31 8987 15|51 
32 41160 234 
33 8855 245 
34 23228 24|42 
35 27083 135 
36 8068 34|43 
37 38789 23 
38 17650 25|52 
39 23292 34|43 
40 6937 234 
41 11928 23 
42 25021 124 
43 43810 35 
44 36016 35 
45 29177 125 
46 28080 14 
47 8897 14|41 
48 8183 23|32 
49 32060 245 
50 9018 45|54 
51 29109 234 
52 42633 14 
53 8133 125 
54 35164 12 
55 24355 45 
56 24094 13 
57 6592 13|31 
58 28112 235 
59 29024 24 
60 19822 14 
61 10064 13|31 
62 38187 24 
63 8072 12|21 
64 38462 134 
65 19754 24 
66 41588 34 
67 43108 15 
68 16846 14|41 
69 31404 24 
70 9080 125 
71 43307 234 
72 32720 25 
73 11548 45|54 
74 6589 35 
75 8200 12|21 
76 41539 13 
77 38071 14 
78 24946 24 
79 39248 24 
80 8134 125 
81 28079 235 
82 28111 245 
83 35137 12 
84 24147 45 
85 32282 25 
86 30517 134 
87 38602 15 
88 10177 245 
89 35933 35 
90 9111 34|43 
91 10310 135 
92 6594 25 
93 27117 145 
94 10214 123 
95 37559 13 
96 25359 35|53 
97 23324 34|43 
98 42059 15|51 
99 19722 234 
100 8175 23|32 
1 38463 32 
2 13027 23 
3 16847 23 
4 7138 43 
5 11263 22 
6 32752 14 
7 10179 41 
8 38782 22 
9 9144 13 
10 23261 31 
11 43811 43 
12 10464 11 
13 32283 31 
14 10311 12 
15 32656 31 
16 7852 34 
17 25360 41 
18 32655 11 
19 7814 21 
20 3762 42 
21 36017 22 
22 25276 32 
23 37862 23 
24 7378 21 
25 8899 21 
26 7694 13 
27 9733 33 
28 35235 22 
29 38072 14 
30 27118 13 
31 5522 24 
32 6919 31 
33 20017 12 
34 9306 21 
35 3096 23 
36 19691 12 
37 5627 41 
38 37592 11 
39 2901 31 
40 6758 22 
41 38491 21 
42 7662 24 
43 16848 24 
44 7693 31 
45 12933 41 
46 19887 22 
47 28081 11 
48 3614 23 
49 38713 23 
50 6888 12 
51 8898 12 
52 19823 21 
53 38668 12 
54 7178 42 
55 35236 14 
56 10215 13 
57 3095 14 
58 37183 21 
59 4364 41 
60 9278 32 
61 29789 24 
62 6015 31 
63 35191 21 
64 7137 13 
65 2803 23 
66 9499 34 
67 8000 21 
68 12895 12 
69 29178 32 
70 9530 12 
71 28113 24 
72 2908 42 
73 11788 3 1 
74 9082 42 
75 7347 13 
76 6641 31 
77 43057 22 
78 24948 43 
79 10065 33 
80 10066 14 
81 3165 23 
82 3090 21 
83 17651 23 
84 9205 23 
85 31405 12 
86 7725 32 
87 6759 31 
88 43308 34 
89 9051 42 
90 38840 32 
91 42060 33 
92 11549 21 
93 10939 13 
94 43109 33 
95 3180 26 
96 9766 31 
97 6847 22 
98 10279 23 
99 27085 43 
100 10637 23 
1 8435 24 
2 9285 3 
3 29027 25 
4 37593 300 
5 39920 60 
6 12857 3 
7 17653 4 
8 25362 1,5 
9 11790 819 
10 40279 9 
11 32583 0,75 
12 9207 28 
13 43084 6 
14 43110 3 
15 35222 8 
16 38783 2 
17 1213 4,5 
18 32063 71 
19 25024 150 
20 41540 4 
21 30520 9 
22 23327 40 
23 1201 4 
24 8002 900 
25 8939 300 
26 38492 200 
27 36804 240 
28 38546 200 
29 8679 0,375 
30 32285 50 
31 9735 0,05 
32 1211 4,5 
33 19725 200 
34 16849 4 
35 44611 2,5 
36 42033 60 
37 8440 600 
38 10249 102 
39 43309 150 
40 803 0,25 
41 8678 6 
42 38841 200 
43 10217 0,1 
44 29791 1,5 
45 19757 750 
46 815 2 
47 41162 2 
48 38791 900 
49 29822 0,375 
50 8672 6 
51 42061 227 
52 27086 9 
53 32723 5 
54 9532 1,2 
55 1218 17,8 
56 27120 4 
57 39946 3 
58 807 4 
59 31407 270 
60 24358 1 
61 32123 18 
62 816 0,5 
63 37863 1,5 
64 8439 600 
65 29077 450 
66 19888 4 
67 9308 500 
68 43008 6 
69 37889 1,5 
70 35193 2 
71 9500 1,4 
72 32753 4 
73 24982 4 
74 10982 0,5 
75 29180 120 
76 37144 6 
77 36753 900 
78 38047 3 
79 29821 160 
80 42784 0,75 
81 38464 3 
82 27943 450 
83 804 0,4 
84 23231 1,25 
85 820 4 
86 46116 0,25 
87 9145 5 
88 29143 200 
89 10313 0,6 
90 8674 2 
91 35167 2 
92 1214 6 
93 13029 57 
94 818 1 
95 24150 2,1 
96 8680 0,375 
97 9176 10 
98 11931 2,5 
99 42273 4 
100 817 4 
1 42034 40 
2 39251 150 
3 7318 24,3 
4 42062 750 
5 30522 495 
6 19825 800 
7 36754 135 
8 3476 52 
9 19663 46 
10 32754 90 
11 1007 2500 
12 1118 25 
13 1111 250 
14 7109 500 
15 35938 1,5 
16 38784 20 
17 1131 20 
18 29792 250 
19 44612 0,9 
20 1114 200 
21 43190 4 
22 5538 2 
23 41550 2 
24 27978 1,5 
25 31881 1,2 
26 10314 9 
27 1003 500 
28 31883 40 
29 32064 900 
30 44654 0,6 
31 32584 4,5 
32 1122 20 
33 27979 40 
34 1133 50 
35 41137 150 
36 19695 72 
37 1120 20 
38 11933 900 
39 29982 1,5 
40 16851 200 
41 7181 100 
42 38792 900 
43 11791 30 
44 25242 4600 
45 19661 2 
46 39921 40 
47 42785 0 
48 11301 742 
49 43085 60 
50 37594 5,6 
51 1008 1000 
52 37890 -1200 
53 32725 60 
54 12899 40 
55 9147 200 
56 6729 120 
57 37145 4 
58 9177 32 
59 31553 1,3 
60 46144 7,7 
61 35939 1 
62 6851 60 
63 8441 2 
64 1106 6 
65 41541 200 
66 1125 33 
67 24099 2460 
68 43059 7,5 
69 1135 67 
70 1121 33 
71 9178 32 
72 38669 1,5 
73 23296 80 
74 32124 130 
75 40280 0,8 
76 24152 7578 
77 27944 1,5 
78 38842 1200 
79 10708 110 
80 42636 5 
81 1202 33 
82 1113 60 
83 1004 1520 
84 38074 0,75 
85 6231 0,5 
86 29029 30 
87 3617 300 
88 36805 360 
89 1115 60 
90 6196 2 
91 43491 2 
92 1124 60 
93 26720 2 
94 10943 405 
95 1112 100 
96 31926 3 
97 35223 30 
98 37185 2 
99 38465 40 
100 1134 50 
1 8092 24|42 
2 9770 45|54 
3 24361 23 
4 31555 134 
5 43060 13 
6 35326 13 
7 10985 15|51 
8 38761 124 
9 33024 234 
10 10316 24|42 
11 11850 23|32 
12 37146 34 
13 8097 35|53 
14 8100 14|41 
15 8078 35|53 
16 27089 15 
17 36806 14 
18 9535 35|53 
19 24952 35 
20 39922 125 
21 19760 15 
22 29793 25 
23 24985 14 
24 16852 12|21 
25 33022 24 
26 11934 25 
27 10284 25|52 
28 24100 134 
29 6698 14|41 
30 38549 13 
31 10252 34 
32 8184 14|41 
33 35170 23 
34 8168 15|51 
35 9055 24|42 
36 44613 345|354|435|453|534|543 
37 31929 12 
38 32756 12 
39 23266 25|52 
40 38191 124 
41 20021 24 
42 6593 24|42 
43 37186 15 
44 40255 34 
45 42035 24|42 
46 10641 35|53 
47 38606 25 
48 8104 24|42 
49 42786 145 
50 23330 25 
51 9086 34 
52 36020 124 
53 35196 13 
54 44655 234|243|324|342|423|432 
55 32288 12 
56 38811 123 
57 8205 45|54 
58 43112 45 
59 38843 12 
60 8101 24|42 
61 42275 12 
62 29080 124 
63 8196 13|31 
64 7155 134 
65 28082 234 
66 35922 135 
67 40281 15 
68 8180 15|51 
69 8188 25|52 
70 11302 23|32 
71 43814 35|53 
72 8088 13|31 
73 38735 12 
74 8103 14|41 
75 8176 24|42 
76 38518 12 
77 43010 124 
78 25365 34|43 
79 27980 125 
80 8102 23|32 
81 29984 24 
82 8099 345 
83 43311 45 
84 29030 135 
85 32586 234 
86 42637 135 
87 41164 34 
88 8096 23|32 
89 29448 15 
90 35224 235 
91 13032 15|51 
92 8192 24|42 
93 7124 135 
94 27123 23 
95 9024 34|43 
96 25027 12 
97 8098 14|41 
98 26722 12 
99 37891 14 
100 24153 25 
1 9771 11 
2 39923 23 
3 4786 43 
4 6506 32 
5 6709 14 
6 37564 13 
7 7666 21 
8 42813 22 
9 7787 13 
10 3088 13 
11 10285 12 
12 38467 32 
13 6322 42 
14 37866 31 
15 7182 31 
16 9504 22 
17 7384 41 
18 7819 21 
19 8006 33 
20 27947 21 
21 23331 23 
22 38715 11 
23 29081 31 
24 6819 23 
25 46119 32 
26 38519 23 
27 19761 21 
28 10945 21 
29 10349 31 
30 6100 14 
31 7351 23 
32 17657 11 
33 46146 11 
34 5311 41 
35 10710 31 
36 6892 13 
37 25366 24 
38 38670 21 
39 38844 11 
40 10986 12 
41 12965 22 
42 19919 32 
43 38076 32 
44 7383 33 
45 35197 14 
46 8862 11 
47 7142 21 
48 27981 31 
49 43011 13 
50 7143 41 
51 7730 32 
52 9536 31 
53 3141 32 
54 24953 31 
55 39949 33 
56 9312 22 
57 4611 31 
58 11269 32 
59 35142 32 
60 41560 33 
61 39253 23 
62 6893 12 
63 13033 13 
64 6924 32 
65 6763 32 
66 25244 42 
67 7287 21 
68 10470 31 
69 6249 41 
70 29449 32 
71 11303 13 
72 41542 31 
73 8943 11 
74 6710 23 
75 6685 11 
76 29116 12 
77 35225 31 
78 43087 13 
79 46770 31 
80 7319 12 
81 28083 13 
82 19697 12 
83 40282 21 
84 7111 13 
85 6956 31 
86 36038 11 
87 7856 12 
88 38736 22 
89 6286 23 
90 29184 11 
91 3106 33 
92 5171 31 
93 7110 23 
94 6730 13 
95 29031 31 
96 31930 23 
97 43312 31 
98 38495 12 
99 10317 22 
100 6214 12 
1 10073 9 
2 46771 316,8 
3 42037 1,5 
4 43313 80 
5 3230 0,5 
6 8008 3,6 
7 23301 75 
8 6734 10 
9 3522 1 
10 17659 3800 
11 24988 25 
12 44657 12 
13 46147 9 
14 6856 0,1 
15 38608 2 
16 27949 240 
17 7291 40 
18 35143 8 
19 41552 2,4 
20 35171 145 
21 1411 0,5 
22 19752 900 
23 1403 2,2 
24 43114 1400 
25 11937 1 
26 38193 100 
27 8527 4 
28 38468 1 
29 1424 3 
30 27982 0,25 
31 8906 1500 
32 9773 16 
33 38716 64 
34 32662 15 
35 1406 900 
36 32068 25 
37 38051 0,6 
38 39950 6 
39 3333 4 
40 37148 22,5 
41 23333 1,6 
42 27948 0,25 
43 29795 0,2 
44 32588 2,4 
45 42639 500 
46 19894 6,4 
47 11556 4 
48 29744 2 
49 3394 4 
50 10988 2 
51 1333 4 
52 6198 1,5 
53 5470 6 
54 42277 1,5 
55 35994 2 
56 32290 1,5 
57 3710 16 
58 3228 120 
59 1414 2 
60 42065 1,5 
61 3379 5,7 
62 9314 1320 
63 38845 10 
64 1331 36 
65 6491 6 
66 31412 2 
67 3380 0,5 
68 29986 5,25 
69 1923 45 
70 19831 2 
71 39254 4,8 
72 26723 0,4 
73 1419 14 
74 6233 0,75 
75 37188 14,4 
76 4910 8 
77 7823 1 
78 1426 3 
79 11305 0,64 
80 38813 58 
81 36757 185 
82 29450 3 
83 11796 0,75 
84 1335 32 
85 1408 1,2 
86 38795 120 
87 3471 630 
88 43816 100 
89 7186 0 
90 38737 48 
91 42788 4 
92 43012 480 
93 3537 2 
94 37867 3 
95 7734 2 
96 9288 2 
97 7146 7 
98 23269 125 
99 1418 8 
100 28084 0,15 
1 42640 4 
2 8997 1,8 
3 35198 1 
4 35144 1 
5 42038 75 
6 6272 1 
7 1534 2 
8 10643 кнаблюдателю|к наблюдателю 
9 40259 0,18 
10 38078 2,4 
11 41167 1 
12 41553 2 
13 38497 2 
14 42066 50 
15 9028 9 
16 31932 12 
17 39951 2,4 
18 38763 1 
19 41543 0 
20 29149 8 
21 35172 30 
22 10711 от наблюдателя|отнаблюдателя 
23 7671 0,3 
24 46121 1,25 
25 3880 2 
26 43194 0,8 
27 1535 12 
28 30526 0,3 
29 32589 200 
30 40258 0,5 
31 38609 0,5 
32 38521 3 
33 28086 1,5 
34 23334 3 
35 32129 0,5 
36 37598 0,3 
37 32663 32 
38 37149 8 
39 29827 4 
40 44658 2,5 
41 28085 0,021 
42 38194 0,4 
43 8865 0,5 
44 43314 2 
45 20025 0,4 
46 29451 5 
47 9039 2 
48 10187 4 
49 40285 0,06 
50 38738 160 
51 1529 0,3 
52 3533 5 
53 43013 0,2 
54 8009 4 
55 10256 2 
56 37894 3 
57 35329 0,25 
58 37189 40 
59 11938 2 
60 42815 0,5 
61 38846 6 
62 36023 16 
63 37868 16 
64 19732 3 
65 32759 8 
66 9121 1 
67 46772 4 
68 19764 4 
69 40284 5 
70 9539 686 
71 8588 80 
72 10352 283 
73 29987 1 
74 25031 6 
75 28087 1 
76 32729 2 
77 42278 3 
78 46148 48 
79 32291 0,5 
80 29118 6 
81 25369 4 
82 38672 2 
83 27092 4 
84 7629 0,5 
85 31887 4 
86 38052 1 
87 38814 30 
88 37566 75 
89 27126 9 
90 30496 2 
91 42789 20 
92 29186 8 
93 35995 0,1 
94 8946 1,5 
95 38554 24 
96 29796 0,4 
97 23302 5 
98 43817 2 
99 8907 1 
100 39925 3 
1 31414 225000 
2 31888 1,5 
3 46149 2 
4 29828 250 
5 4458 25 
6 8719 1,30 
7 35145 2 
8 29034 2 
9 32070 0,01 
10 29119 1 
11 1622 5 
12 1709 75 
13 39952 30 
14 30527 1,3 
15 29187 80 
16 5368 70 
17 9183 0,48 
18 19797 2 
19 42279 2 
20 1708 1 
21 7356 16 
22 1816 78 
23 42641 1 
24 1728 1,46 
25 25284 4 
26 35173 0,6 
27 7388 12 
28 1707 0,3 
29 1839 1,73 
30 9774 30 
31 11797 4 
32 8716 5,7 
33 32760 1,4 
34 7147 12,5 
35 46122 1 
36 3488 0,8 
37 32255 60 
38 1608 29 
39 38053 8 
40 3503 1,15 
41 3713 2 
42 1739 0,5 
43 11272 2500 
44 8715 -1 
45 31559 1,5 
46 6122 10 
47 37567 2 
48 26725 40 
49 31933 1,5 
50 1838 1,33 
51 5403 130 
52 19832 0,25 
53 9059 1,6 
54 38673 2 
55 43090 80 
56 1924 1,63 
57 38195 12 
58 23238 1 
59 38472 6,25 
60 1726 17 
61 43195 60 
62 3472 1,41 
63 27984 0,32 
64 43818 4 
65 3502 2 
66 23270 2 
67 1626 100 
68 1818 40 
69 35330 3 
70 3496 0,625 
71 7861 80 
72 31558 0,25 
73 37150 4 
74 24956 8 
75 3499 0,926 
76 43496 20 
77 37190 1 
78 1625 20 
79 32730 1,6 
80 38610 40 
81 38847 2 
82 24989 16 
83 44617 67,5 
84 3489 23,3 
85 9152 0,52 
86 26724 8 
87 29452 80 
88 38498 2 
89 39256 2,25 
90 30497 200000 
91 6897 0,6 
92 17660 36 
93 39926 40 
94 43014 30 
95 43315 3 
96 42039 4 
97 35242 2 
98 46773 65 
99 5438 70 
100 4090 0,2 
1 46774 23 
2 25285 15 
3 19833 13 
4 38658 12 
5 44660 145|154|415|451|514|541 
6 27128 134 
7 6504 24|42 
8 9153 23 
9 27951 235 
10 8197 25|52 
11 8908 15|51 
12 9540 15 
13 11798 24 
14 30498 145 
15 24990 25 
16 36760 23 
17 6584 35|53 
18 27985 145 
19 11560 23|32 
20 36811 13 
21 19733 134 
22 9029 15|51 
23 46123 34|43 
24 40286 25 
25 29453 25 
26 32731 134 
27 19765 24 
28 10188 135 
29 35243 35 
30 38080 24 
31 42817 235 
32 8106 14|41 
33 10353 13|31 
34 8074 12|21 
35 25032 34 
36 8010 34|43 
37 11855 34|43 
38 11939 12 
39 8108 24|42 
40 7364 123 
41 46150 125|152|215|251|512|521 
42 32592 24 
43 23303 124 
44 43015 35 
45 31934 24 
46 7396 24|42 
47 8173 35|53 
48 23335 35 
49 32131 125 
50 27094 135 
51 7711 25|52 
52 8105 14|41 
53 8073 15|51 
54 19669 245 
55 37870 45 
56 38054 125 
57 8998 23|32 
58 13037 25|52 
59 9508 13|31 
60 28119 13 
61 41544 145 
62 24957 135 
63 39257 34 
64 39927 23 
65 40260 14 
66 12865 123 
67 41169 13 
68 8202 34|43 
69 19798 13|31 
70 30528 245 
71 8177 34|43 
72 39953 145 
73 10321 24|42 
74 41578 15 
75 9215 45|54 
76 7195 45|54 
77 38848 12 
78 37151 14 
79 10474 34|43 
80 8189 12|21 
81 12909 14|41 
82 28089 34 
83 32761 235 
84 43497 13 
85 8066 13|31 
86 43196 45 
87 19701 25 
88 29085 124 
89 9091 145 
90 8181 35|53 
91 41582 234 
92 35146 245 
93 43819 13|31 
94 37568 135 
95 35174 134 
96 6599 23|32 
97 28118 35 
98 32665 23 
99 36025 245 
100 10257 25|52 
1 10323 32 
2 24367 32 
3 9217 13 
4 31562 32 
5 6170 34 
6 32294 31 
7 41561 12 
8 3194 32 
9 30529 23 
10 10189 11 
11 38766 22 
12 3163 34 
13 19671 12 
14 27952 11 
15 31935 31 
16 3612 24 
17 43498 13 
18 7830 12 
19 6359 43 
20 6737 31 
21 7673 21 
22 38659 32 
23 10475 22 
24 2801 43 
25 29991 42 
26 17662 32 
27 39954 32 
28 10950 22 
29 6931 23 
30 32132 22 
31 9030 13 
32 3726 13 
33 6171 21 
34 32295 32 
35 3151 32 
36 24368 13 
37 13038 12 
38 7705 23 
39 6770 32 
40 7672 23 
41 24159 11 
42 2802 41 
43 32733 23 
44 11941 43 
45 7149 13 
46 41575 12 
47 10258 13 
48 27987 43 
49 10076 31 
50 26727 23 
51 12867 24 
52 7798 21 
53 29189 21 
54 29799 13 
55 9031 43 
56 30500 31 
57 31891 12 
58 23305 24 
59 32072 12 
60 8909 22 
61 24991 11 
62 6825 21 
63 37192 21 
64 32133 32 
65 2904 14 
66 43317 11 
67 32258 14 
68 9061 11 
69 29990 32 
70 28120 23 
71 3652 33 
72 38524 12 
73 23272 12|21 
74 10322 22 
75 43016 24 
76 7293 12 
77 7736 11 
78 25287 12 
79 11308 23 
80 23241 32 
81 3727 41 
82 29455 21 
83 9158 11 
84 9509 22 
85 29454 11 
86 11672 21 
87 10190 23 
88 6858 22 
89 7737 43 
90 27095 21 
91 33029 12 
92 38197 32 
93 6930 32 
94 3155 12 
95 23336 11 
96 10355 14 
97 4213 23 
98 32667 23 
99 32763 43 
100 25034 31 
1 26729 0,025 
2 7796 3 
3 9125 7153 
4 38501 19 
5 38742 30 
6 11802 4 
7 4637 4 
8 11562 37 
9 17664 5069 
10 9095 28 
11 31892 0 
12 11564 3 
13 12974 726 
14 2307 50 
15 43821 4 
16 5547 243 
17 11675 4 
18 3717 2 
19 35149 50 
20 24960 3 2 
21 38850 1 
22 9063 21 
23 7152 60 
24 43318 136 
25 42070 0,5 
26 40262 14 
27 23338 5039 
28 8013 2733 
29 33030 1000 
30 9218 12 
31 10261 16 
32 10952 109 
33 37570 11 
34 19704 84 
35 43017 28 
36 23307 0,2 
37 24993 6 2 
38 32668 88 
39 2124 38 
40 9746 33 
41 9320 0,3 
42 19768 289174 
43 28122 1 
44 37602 11 
45 38056 3 
46 32074 25 
47 35999 176 
48 25373 22889 
49 19801 90140 
50 28121 0,7 
51 2319 54 
52 2333 25 
53 10191 115174 
54 29088 208 
55 9319 3694 
56 7121 32 
57 25035 94 
58 27954 19 
59 37898 1920 
60 38660 11 
61 6902 20 
62 32595 38 
63 10292 1416 
64 4567 2 
65 44620 7 
66 23274 2051,2 
67 9246 15 
68 7828 2 
69 38718 47 
70 5477 92 
71 25252 2,5 
72 46152 157 
73 6203 5 
74 19900 750 
75 10477 714 
76 16860 4960 
77 2130 1 
78 11858 67 
79 29456 0,05 
80 46776 4 
81 8869 4250 
82 38525 96 
83 2109 29 
84 10717 11 
85 43067 72 
86 38800 15 
87 41145 11 
88 32296 5458 
89 36762 8 
90 9747 10 
91 2125 26 
92 42793 20 
93 6964 30 
94 9778 714 
95 31563 57 
96 29194 45 
97 9032 2629 
98 2128 19 
99 40288 30 
100 11942 34 
1 29039 43 
2 7394 21 
3 44663 13 
4 9096 13 
5 37194 33 
6 6657 13 
7 3133 13 
8 32297 31 
9 26056 22 
10 38768 23 
11 43094 21 
12 41172 13 
13 26049 22 
14 26058 12 
15 26034 31 
16 39930 24 
17 38719 22 
18 30532 43 
19 10080 31 
20 43319 21 
21 36028 21 
22 42794 24 
23 9003 22 
24 38801 23 
25 43822 12 
26 38083 12 
27 29124 23 
28 33031 31 
29 31938 24 
30 27989 33 
31 31419 32 
32 6903 23 
33 26032 11 
34 42645 21 
35 9034 31 
36 11803 21 
37 7122 24 
38 8015 23 
39 32735 24 
40 6967 13 
41 23276 32 
42 20031 13 
43 31564 32 
44 32075 13 
45 38502 24 
46 3622 43 
47 3623 24 
48 35204 13 
49 42071 11 
50 43199 13 
51 26061 21 
52 9127 23 
53 38675 31 
54 41555 42 
55 26052 11 
56 26031 31 
57 43500 12 
58 38199 31 
59 6741 12 
60 26039 12 
61 35245 22 
62 43018 23 
63 32135 23 
64 46126 31 
65 24371 13 
66 6502 13 
67 35334 21 
68 29543 23 
69 38474 13 
70 29802 24 
71 32765 13 
72 40289 11 
73 25375 33 
74 27098 31 
75 38526 23 
76 8913 23 
77 26050 22 
78 26059 31 
79 27955 13 
80 35150 13 
81 42820 13 
82 26057 31 
83 46153 31 
84 32260 21 
85 38614 31 
86 35178 22 
87 26051 21 
88 3811 14 
89 9065 12 
90 26062 31 
91 27132 21 
92 26040 22 
93 7298 22 
94 6696 11 
95 26045 23 
96 46777 14 
97 7193 13 
98 9220 21 
99 6863 21 
100 28125 21 
1 42795 14 
2 25539 245 
3 25533 245 
4 30512 14 
5 25547 135 
6 42072 13|31 
7 38802 124 
8 25524 145 
9 25535 235 
10 46778 45 
11 36029 34 
12 27935 145 
13 28044 125 
14 32261 123 
15 41147 13 
16 46127 245|254|425|452|524|542 
17 38562 134 
18 43069 35 
19 29069 15 
20 28050 134 
21 29782 24 
22 32076 135 
23 37195 125 
24 25521 125 
25 38200 145 
26 25530 234 
27 29813 15 
28 25536 13 
29 29437 35 
30 25537 15 
31 27078 15 
32 44622 23|32 
33 42284 35 
34 38503 23 
35 31420 145 
36 38615 45 
37 38820 125 
38 25544 234 
39 31894 124 
40 28049 15 
41 42821 15 
42 25525 25 
43 38720 35 
44 43320 135 
45 39957 13 
46 29994 235 
47 25538 125 
48 28047 14 
49 38661 234 
50 35205 135 
51 25534 235 
52 43121 14 
53 41173 124 
54 25542 23 
55 37604 145 
56 25531 24 
57 43020 34 
58 35179 25 
59 25519 14 
60 43200 234 
61 32670 124 
62 28051 23 
63 38058 15 
64 27969 234 
65 28052 134 
66 32766 15 
67 25540 234 
68 44664 15|51 
69 43095 235 
70 35151 25 
71 29172 15 
72 31939 345 
73 25518 235 
74 25523 23 
75 46154 135|153|315|351|513|531 
76 31565 234 
77 35246 13 
78 32597 24 
79 36815 23 
80 35228 14 
81 25526 145 
82 38527 123 
83 26701 35 
84 25529 45 
85 25528 13 
86 28053 135 
87 35335 134 
88 35227 34 
89 37874 125 
90 25532 345 
91 28046 15 
92 28045 134 
93 25522 135 
94 39261 145 
95 37900 13 
96 38852 23 
97 25541 245 
98 40290 15 
99 25527 123 
100 32136 134 
1 8198 7461 
2 29040 1862 
3 8032 0,40,1 
4 32138 24,00,4 
5 38504 0,200,03 
6 46155 5,400,04 
7 9159 22,00,5 
8 31567 44,000,02 
9 16863 7451 
10 8190 15,00,1|15,000,10 
11 23309 7,00,2 
12 35181 321 
13 17667 99,30,1 
14 8684 1,700,03|1,7000,025 
15 31896 322 
16 23277 5,50,3 
17 8046 26010 
18 8683 0,300,02 
19 2405 6,00,1|6,000,10 
20 8033 1,40,1 
21 42796 20,70,1 
22 29090 1903 
23 8039 325,012,5|32512,5|32513 
24 40291 0,5000,005 
25 13043 0,640,01 
26 8054 1,80,1 
27 9322 0,200,02 
28 19675 30,00,4 
29 46779 1,100,01 
30 24111 202 
31 36002 1,2000,015 
32 8027 141 
33 25291 15015 
34 38085 1,300,04 
35 3213 2,50,1|2,500,10 
36 8060 9,00,5|90,5 
37 43502 2,70,1 
38 19804 80,00,1 
39 12871 2,70,1 
40 32599 6,000,01 
41 3126 0,750,05 
42 38475 0,340,02 
43 8057 0,350,05 
44 37875 0,2500,025 
45 32300 221 
46 8687 1,260,02 
47 8953 60030 
48 39262 3,00,2 
49 8058 1,80,1 
50 10996 3,00,5 
51 38528 221 
52 27990 9,00,2 
53 37196 111 
54 24372 0,400,05 
55 8016 4,60,1 
56 8685 1,500,03|1,5000,025 
57 43122 2,50,1 
58 37901 0,9000,008 
59 36040 442 
60 19707 40,00,5 
61 30503 1600100 
62 11945 0,300,05 
63 8043 222 
64 36816 6,000,05 
65 8726 7581 
66 9781 0,200,01 
67 24963 2,000,25 
68 9004 40020 
69 10327 64,700,05|64,70,05 
70 19839 80,10,1 
71 38853 0,400,01 
72 11279 2,40,1 
73 24996 1,000,25 
74 11677 0,1500,005 
75 32738 2991 
76 32672 0,500,02 
77 10081 3,00,2 
78 9097 3,94,1 
79 31941 182 
80 8688 0,1000,002 
81 29834 1,100,02 
82 11861 0,1800,003 
83 42647 421 
84 27956 1,200,02 
85 8045 5,70,1 
86 8186 12,00,4 
87 20032 2,200,15 
88 8686 1,260,01|1,2600,010 
89 27133 1,2500,125 
90 3125 0,1000,005 
91 44665 161 
92 10231 3,00,2 
93 36030 1,100,03 
94 8050 421 
95 31422 20,00,2 
96 8182 3,00,1 
97 12977 0,800,01 
98 46128 0,1080,004 
99 10359 50,300,05|50,30,05|50,500,05 
100 11313 2,500,25 
1 29041 25 
2 42074 12|21 
3 38804 15 
4 31942 24 
5 36031 35 
6 24997 25 
7 37606 14 
8 40266 14 
9 32769 15 
10 28127 35 
11 9782 23|32 
12 42823 15 
13 35258 23 
14 9515 12|21 
15 9547 13|31 
16 32264 24 
17 35208 35 
18 25292 35 
19 10296 23|32 
20 10481 15|51 
21 10195 15|51 
22 20033 24|42 
23 37197 15 
24 43503 24 
25 29835 15 
26 19840 14 
27 43097 13 
28 24112 45 
29 38822 45 
30 38854 13 
31 27134 12 
32 38746 35 
33 19708 25 
34 25377 35|53 
35 29126 15 
36 29997 15 
37 30534 24 
38 24165 13 
39 31568 45 
40 8017 13|31 
41 9067 13|31 
42 10328 24|42 
43 41149 14 
44 24373 25 
45 26731 12 
46 27100 13 
47 29459 35 
48 32673 25 
49 10360 35|53 
50 28126 45 
51 36817 14 
52 27957 24 
53 43123 24 
54 11805 23|32 
55 37876 14 
56 27991 23 
57 46129 24|42 
58 19772 13 
59 10264 35|53 
60 33032 34|43 
61 11946 15 
62 23246 13 
63 35340 35 
64 38563 25|52 
65 10997 24|42 
66 32600 15|51 
67 8873 13|31 
68 32139 14 
69 9323 12|21 
70 32739 25 
71 28092 14 
72 42648 24|42 
73 38564 35 
74 23342 13 
75 46156 14|41 
76 43022 14 
77 9222 23|32 
78 43322 24 
79 40292 13 
80 39933 25 
81 11566 12|21 
82 25039 45|54 
83 43825 25|52 
84 10653 15|51 
85 8915 15|51 
86 38617 45 
87 11280 12|21 
88 28091 13 
89 17668 15|51 
90 28093 24 
91 46780 15 
92 10721 34|43 
93 16864 13|31 
94 32301 24|42 
95 39959 15 
96 38060 14 
97 38086 14 
98 29091 24 
99 35154 15|51 
100 41175 12 