1 27844 12 
2 30983 16 
3 51941 58 
4 56755 3 
5 642390 99 
6 48913 30 
7 53221 3 
8 27896 6 
9 245429 134 
10 561220 120 
11 26337 24 
12 27288 8 
13 509414 0,5 
14 53843 18,75 
15 27880 58 
16 57407 4 
17 52393 44 
18 27837 3 
19 29971 60 
20 27863 36 
21 27875 110 
22 27884 114 
23 56361 10 
24 54323 6 
25 4833 4,8 
26 50925 9 
27 549312 6 
28 27618 6 
29 46089 15 
30 27845 9 
31 660891 122 
32 53665 96 
33 50837 6 
34 27287 8 
35 525738 15 
36 52283 129 
37 27752 40 
38 541048 4 
39 27935 22 
40 27864 36 
41 27920 3 
42 562929 15 
43 504535 10 
44 27793 4 
45 52061 102 
46 29579 20 
47 509636 72 
48 46095 162 
49 55899 60 
50 27930 5 
51 54245 38,4 
52 47055 60 
53 52167 55 
54 57257 10 
55 27349 -0,5 
56 27827 10 
57 27913 0,25 
58 27769 37 
59 53851 5 
60 560649 0,6 
61 27883 26 
62 27869 104 
63 517211 2 
64 54501 9 
65 51783 27 
66 628766 15 
67 525110 98 
68 27757 38 
69 27826 28 
70 4859 16 
71 27590 100 
72 52009 126 
73 27323 4 
74 55905 12 
75 52551 45 
76 509493 3,5 
77 561763 31 
78 30481 40,5 
79 522141 25 
80 45789 5,5 
81 27865 36 
82 52781 14 
83 19309 0,8 
84 27633 16 
85 27357 12 
86 54219 7,5 
87 27867 105 
88 500246 64 
89 637806 24 
90 628357 121 
91 49923 17 
92 53671 40 
93 27270 4,8 
94 27937 10 
95 670260 49 
96 26203 60 
97 50483 74 
98 27762 115 
99 52003 34 
100 27897 8 
1 27722 4,5 
2 27735 45 
3 672734 30 
4 27714 16 
5 658762 10 
6 27707 10 
7 654474 20 
8 656243 8 
9 27731 200 
10 645013 -1 
11 60805 27 
12 677160 172 
13 27719 0 
14 27727 2 
15 672859 9 
16 27732 -4 
17 670466 -4 
18 27709 10 
19 27741 45 
20 654449 3 
21 649888 25 
22 649897 10 
23 61005 0 
24 654476 5 
25 60455 29 
26 61057 -8 
27 661011 17 
28 26447 16 
29 60907 612,5 
30 26451 10 
31 60857 33 
32 644888 0,7 
33 60655 20 
34 672810 40 
35 27716 10 
36 26461 2 
37 27738 -4 
38 661279 52 
39 61205 11 
40 654911 8 
41 27710 0 
42 654475 -3 
43 513355 10 
44 60999 20 
45 27737 200 
46 661774 -21 
47 27728 2 
48 647124 28 
49 27730 20 
50 649593 11 
51 27712 8 
52 654477 -0,28 
53 649917 0,96 
54 27736 20 
55 60755 0 
56 654471 18 
57 647144 2 
58 26465 200 
59 654478 -0,28 
60 651049 90 
61 654472 90 
62 27708 10 
63 27711 6 
64 61155 -15 
65 27723 8 
66 654451 5 
67 27733 40 
68 26457 8 
69 654463 10 
70 654450 5 
71 654466 10 
72 27715 12 
73 676922 29 
74 60555 23 
75 513334 5 
76 644809 18 
77 60707 17,5 
78 649885 17 
79 654473 10 
80 680763 25 
81 26453 6 
82 644885 1,1 
83 27713 10 
84 644807 -3 
85 654484 10 
86 658904 1 
87 656601 82 
88 27734 40 
89 27721 3 
90 660964 2,9 
91 676890 10 
92 60855 38 
93 27717 10 
94 27729 5 
95 61157 -13 
96 650946 60 
97 670261 4 
98 654470 98 
99 27724 8 
100 27726 21 
1 25661 114 
2 72151 1755 
3 500957 125 
4 276867 60 
5 75315 1543,5 
6 266013 9 
7 509620 72 
8 74403 1000 
9 27197 3,75 
10 25691 24 
11 525721 5 
12 318147 378 
13 25549 48 
14 685347 9 
15 27171 60 
16 25551 7 
17 27079 4 
18 5053 4 
19 503245 60 
20 245381 3 
21 27200 14 
22 27072 4 
23 627981 18 
24 27143 64 
25 27127 4,5 
26 512372 92 
27 75697 36 
28 284355 1 
29 284362 2 
30 27130 9 
31 245378 17 
32 25571 40 
33 5075 3600 
34 75239 1125 
35 27118 1,125 
36 76195 4704 
37 639100 1 
38 75907 262 
39 519804 82 
40 27141 8 
41 245364 2 
42 280369 1,5 
43 639857 40 
44 27174 144 
45 73395 80 
46 25739 9 
47 507880 2 
48 75647 7 
49 273351 80 
50 505446 64 
51 284351 3 
52 245377 14 
53 5049 12 
54 25689 60 
55 25875 93 
56 27132 288 
57 284911 24 
58 277863 1 
59 27201 105 
60 25703 124 
61 526247 75 
62 5021 2 
63 245362 45 
64 4903 39 
65 27099 6 
66 522970 3 
67 318475 60 
68 916 3 
69 77156 156 
70 548260 289 
71 278869 49 
72 27075 7,5 
73 285271 112 
74 25671 14 
75 285759 2 
76 75789 2312 
77 75307 9 
78 76383 384 
79 278867 29 
80 522969 60 
81 905 4,5 
82 27096 50 
83 25651 90 
84 25625 94 
85 517175 825 
86 5043 24 
87 685346 36 
88 76349 121 
89 915 15 
90 75747 15 
91 245341 4 
92 245382 6 
93 269491 8 
94 318474 0,6 
95 927 7 
96 27163 10 
97 27211 104 
98 25589 58 
99 74555 17 
100 73455 2 
1 637808 0,1 
2 286205 0,4 
3 286213 0,6 
4 661816 0,22 
5 1007 0,9 
6 681142 0,375 
7 321059 0,125 
8 286257 0,44 
9 1017 0,5 
10 563887 0,75 
11 286327 0,6 
12 321305 0,13 
13 321399 0,4 
14 530890 0,0625 
15 286119 0,2 
16 518949 1 
17 501210 0,1 
18 502048 0,91 
19 635852 0,002 
20 508772 0,08 
21 1025 0,4 
22 621764 0,2 
23 320192 0,48 
24 320849 0,1 
25 500997 0,1 
26 629166 0,35 
27 642396 0,4 
28 325904 0,25 
29 548521 0,995 
30 320331 0,8 
31 282853 0,14 
32 504554 0,52 
33 676924 0,36 
34 320195 0,006 
35 505163 0,25 
36 674489 0,3 
37 661074 0,4 
38 320185 0,25 
39 320345 0,2 
40 320193 0,46 
41 530392 0,25 
42 321157 0,33 
43 325913 0,75 
44 640510 0,83 
45 500037 0,125 
46 639942 0,004 
47 683036 0,05 
48 283639 0,96 
49 680784 0,47 
50 500250 0,92 
51 283447 0,03 
52 670263 0,47 
53 509412 0,72 
54 320189 0,498 
55 321061 0,25 
56 525368 0,6 
57 627978 0,15 
58 672815 0,55 
59 512326 0,51 
60 640511 0,017 
61 321685 0,005 
62 509433 0,1 
63 683038 0,12 
64 283659 0,90 
65 286093 0,2 
66 639101 0,3 
67 286215 0,28 
68 285929 0,3 
69 1001 0,95 
70 1014 0,2 
71 321041 3 
72 321287 0,07 
73 286255 0,12 
74 286143 0,3 
75 283467 0,375 
76 1004 0,9 
77 286349 0,2 
78 320855 0,16 
79 503246 0,999 
80 621760 0,6 
81 642291 0,11 
82 504426 0,25 
83 517150 0,5 
84 500166 0,1 
85 321009 0,4 
86 647126 0,28 
87 283627 0,98 
88 513418 0,2 
89 320178 0,5 
90 508775 0,12 
91 282854 0,5 
92 502129 0,25 
93 325907 0,5 
94 516289 0,125 
95 1028 0,35 
96 635955 0,005 
97 320169 0,25 
98 505142 0,25 
99 512368 0,46 
100 321055 0,125 
1 320173 0,02 
2 508807 0,083 
3 509308 0,25 
4 508843 0,15 
5 320465 0,28 
6 508870 0,125 
7 663478 0,167 
8 320611 0,992 
9 320431 0,5 
10 508868 0,875 
11 320212 0,0625 
12 508877 0,3 
13 325841 0,90 
14 508851 5,25 
15 509334 0,5 
16 508819 0,43 
17 508836 5 
18 324627 0,3 
19 639858 0,168 
20 508808 0,64 
21 549306 0,657 
22 509313 0,88 
23 560770 0,29 
24 508820 0,325 
25 508794 0,73 
26 663473 0,5 
27 509596 0,09 
28 685351 0,79 
29 320565 0,07 
30 629455 6 
31 508817 0,875 
32 508791 0,11 
33 525014 0,0673 
34 561720 0,03 
35 663474 0,167 
36 651052 0,031 
37 508780 1,2 
38 320379 0,35 
39 508802 0,556 
40 509342 0,55 
41 508878 0,4 
42 321995 0,216 
43 508844 0,1 
44 509346 0,9 
45 663476 0,5 
46 508767 0,4 
47 508850 1,05 
48 320176 0,08 
49 688569 0,86 
50 508854 4,8 
51 621902 0,12 
52 680766 0,8464 
53 508866 0,8 
54 630095 0,0064 
55 628364 0,9951 
56 508830 5 
57 508869 0,9 
58 321199 0,33 
59 320641 0,14 
60 509316 0,91 
61 508889 0,2 
62 508803 0,583 
63 674923 0,73 
64 663475 0,5 
65 642292 0,05 
66 508840 0,2 
67 680565 0,91 
68 508876 0,25 
69 322935 0,0625 
70 628482 0,9984 
71 508846 0,15 
72 508801 0,5 
73 526004 0,125 
74 562240 0,25 
75 508879 0,5 
76 638994 0,5 
77 509352 0,25 
78 663477 0,625 
79 321987 0,3456 
80 508806 0,167 
81 642398 0,0009 
82 508845 0,175 
83 320206 0,392 
84 508804 0,417 
85 676925 8 
86 500998 0,6 
87 320174 0,9975 
88 508797 0,417 
89 508798 0,079 
90 325761 0,6976 
91 514035 0,9991 
92 689026 0,25 
93 508799 0,306 
94 509081 0,384 
95 508800 0,028 
96 635146 2 
97 672742 0,55 
98 508805 0,278 
99 320180 0,52 
100 320957 0,68 
1 100535 3 
2 11683 1 
3 517151 -4 
4 641152 7 
5 541252 5 
6 103025 -3 
7 510382 5 
8 559593 -5 
9 520898 71 
10 518950 -15 
11 548257 -2 
12 13173 -2 
13 637839 -4 
14 562973 7 
15 2813 8 
16 504231 -6 
17 100787 -6 
18 104023 1 
19 102381 -80 
20 77378 3 
21 517229 -11 
22 10651 5 
23 26667 8 
24 26657 6 
25 26670 0 
26 501034 -4 
27 100789 3 
28 621763 4 
29 13377 -0,5 
30 560771 1,5 
31 512327 3 
32 676926 3 
33 38671 7 
34 548375 -2 
35 103513 -2 
36 104013 0,25 
37 523392 -201 
38 524042 -4 
39 101381 -3 
40 104195 1,4 
41 661818 53 
42 549307 9 
43 283161 0 
44 10153 -6 
45 514178 93 
46 520487 14 
47 315435 2,5 
48 102379 10 
49 13373 -0,25 
50 9655 -5 
51 2899 8,75 
52 106891 -1,25 
53 103515 -1 
54 104695 0,5 
55 3379 38 
56 525444 3 
57 689090 -94 
58 10149 21 
59 505440 -3 
60 510328 -7 
61 104697 1,2 
62 103525 -0,75 
63 77369 -6 
64 504427 -0,4 
65 504406 -0,5 
66 2829 11 
67 3185 20 
68 12887 8 
69 624069 -3,5 
70 12957 -1 
71 628738 6 
72 3281 3,5 
73 510936 -0,4 
74 628230 -5 
75 77377 0,5 
76 26649 -12 
77 509988 -1,5 
78 509617 2 
79 628764 9 
80 106393 5,1 
81 12151 8 
82 103517 1 
83 500032 38 
84 77379 -2 
85 639943 2 
86 516372 -0,5 
87 530393 -5 
88 508129 -3 
89 672818 -3 
90 104015 4 
91 640512 1 
92 10135 -9 
93 638995 1 
94 13383 -5 
95 2685 -12 
96 530816 -3 
97 99631 -4 
98 26662 13 
99 103523 1 
100 283063 -5 
1 61513 24 
2 26757 5 
3 26797 5 
4 66757 3 
5 676850 1,5 
6 77407 4 
7 65025 -2 
8 524068 -34 
9 64555 1 
10 16125 425 
11 68257 4 
12 639861 1 
13 26827 3,5 
14 68953 1 
15 510386 35 
16 77389 5 
17 98469 88 
18 67331 18 
19 661078 6 
20 62773 49 
21 67033 14 
22 64625 0,6 
23 64769 6,4 
24 96871 -34 
25 26893 -0,5 
26 65795 4,5 
27 67181 -8 
28 26742 1,4 
29 502066 7 
30 87485 100 
31 97969 12 
32 68137 1 
33 63277 3 
34 96365 1225 
35 85985 82 
36 656248 512 
37 26790 8 
38 66977 19 
39 62251 -6 
40 26837 0,25 
41 26781 2 
42 26887 2 
43 282369 1,5 
44 26767 -5 
45 69601 1 
46 84985 3,75 
47 93885 7 
48 647149 -4 
49 16791 414 
50 85485 4 
51 64623 0,4 
52 26778 -1 
53 99467 71 
54 65423 -1,9 
55 63519 6 
56 69701 -0,5 
57 92057 0,01 
58 84483 -489,6 
59 520902 64 
60 522090 8 
61 67281 7 
62 525064 37 
63 520204 573 
64 26741 1,5 
65 26782 1 
66 526009 -3 
67 559597 -3,08 
68 62647 2 
69 65919 0 
70 67565 361 
71 561223 15 
72 87483 31 
73 26830 4 
74 64693 2 
75 77417 -4 
76 509921 -4 
77 69665 6 
78 628767 1,12 
79 66361 -20 
80 26897 121 
81 658863 0,5 
82 26737 6 
83 67617 6 
84 526211 2 
85 98467 31 
86 67731 625 
87 514461 -28 
88 672893 225 
89 64275 -0,2 
90 62771 8 
91 65639 3 
92 68091 0,5 
93 87979 1 
94 26835 27 
95 65547 12,8 
96 510487 23 
97 549338 16 
98 68583 -4 
99 26809 2 
100 67859 5 
1 541049 15 
2 7069 5 
3 510384 -0,25 
4 323078 7 
5 7089 3 
6 6007 0,5 
7 123211 35 
8 323283 12 
9 323477 2,7 
10 318139 -2 
11 525703 0,75 
12 119976 20 
13 9049 -2 
14 525700 26,8 
15 122211 1 
16 500890 12 
17 119978 8 
18 525720 8 
19 120717 21 
20 323083 10 
21 512497 6 
22 508356 3 
23 641920 4 
24 54801 -0,6 
25 8303 6 
26 323183 7 
27 122715 8 
28 656621 3 
29 323275 12 
30 6421 4 
31 520652 2 
32 514038 0,75 
33 323373 8 
34 123711 8 
35 512500 19 
36 517231 -2 
37 501059 6 
38 621898 32 
39 559595 -3 
40 524066 0,5 
41 27496 5 
42 323475 6,75 
43 525699 1 
44 8055 3 
45 121729 2 
46 508383 -4 
47 562751 2 
48 323379 6 
49 123215 39 
50 323175 8 
51 525040 17 
52 317539 5 
53 525062 2 
54 119972 0,125 
55 512493 72 
56 323383 6 
57 8301 6 
58 123715 3 
59 629170 -2 
60 525701 2 
61 551782 -10 
62 323185 3 
63 661285 2 
64 119975 60 
65 524604 -2 
66 323171 7 
67 122745 11 
68 501188 9 
69 6077 0 
70 323080 4 
71 639945 -3 
72 514180 3 
73 122215 3 
74 323079 6 
75 509494 4 
76 641902 6 
77 525691 13 
78 647150 5 
79 323375 4 
80 525702 -2 
81 541254 10 
82 8057 -17 
83 509572 7 
84 119977 59 
85 120715 24 
86 516292 3 
87 119979 7 
88 660973 4 
89 8049 1 
90 524015 3 
91 517153 1,5 
92 551737 8 
93 541372 1,4 
94 523394 5 
95 124215 14 
96 685363 1,6 
97 509919 4 
98 8047 4 
99 515183 5 
100 660989 4 
1 519511 54 
2 513941 0,018 
3 28345 84000 
4 559598 32 
5 27992 2 
6 689080 4 
7 43101 11,2 
8 510488 4000 
9 43049 34 
10 42215 21 
11 28014 0,67 
12 505403 1,62 
13 526010 125 
14 672866 0,29 
15 41791 3,9 
16 27953 25 
17 651056 12 
18 28015 40 
19 513897 0,169 
20 42855 0,75 
21 523991 30 
22 42993 2 
23 42377 821 
24 524069 0,05 
25 679792 151 
26 325725 15,2 
27 43273 30 
28 27957 1,2 
29 563892 7 
30 28379 16 
31 510067 7 
32 562933 18 
33 27982 5000 
34 28101 50 
35 530821 15 
36 541819 90 
37 41113 62,5 
38 679996 9 
39 500252 2,4 
40 509497 7 
41 28633 30 
42 513341 0,5 
43 27993 0,05 
44 523397 0,875 
45 27954 5000 
46 317096 0,4 
47 42999 3,5 
48 621899 45 
49 642296 0,67 
50 524047 0,18 
51 28235 55 
52 548380 6400 
53 42963 7,6 
54 28027 5500 
55 41421 42 
56 43333 45 
57 524018 15 
58 27978 2,5 
59 630179 3 
60 28006 60 
61 562754 420 
62 41715 7 
63 42863 1,25 
64 317098 0,625 
65 28365 6 
66 27996 2 
67 517215 6000 
68 41197 1,45 
69 28599 60 
70 661821 6 
71 324467 7,3 
72 28489 4,5 
73 505148 8 
74 28357 5 
75 500894 25 
76 27999 30 
77 41365 100 
78 628770 8 
79 325730 5,55 
80 517234 50 
81 28477 55 
82 510982 5000 
83 27969 4000 
84 624109 60 
85 42107 32 
86 510825 7200 
87 525114 8 
88 319859 35 
89 28017 37,5 
90 42997 3,75 
91 28010 45 
92 518908 9000 
93 509622 4000 
94 516377 0,8 
95 28289 2,5 
96 42867 3 
97 43795 45 
98 42519 180000 
99 637813 3 
100 28453 0,5 
1 110205 3 
2 114153 57 
3 99614 4 
4 525375 8 
5 99587 35000 
6 99607 72 
7 549339 15 
8 26599 10 
9 112275 2903040 
10 112525 165 
11 114155 60 
12 522092 12 
13 117739 200 
14 118891 17 
15 108485 14000 
16 5773 16 
17 114661 325 
18 112205 52 
19 118583 21 
20 39361 1 
21 26580 10 
22 512333 7 
23 541258 11 
24 113589 30 
25 99619 6 
26 99565 47088 
27 110311 15 
28 39053 48 
29 324185 92 
30 39443 3 
31 26593 13 
32 628771 60 
33 518956 20 
34 108691 12 
35 40125 10 
36 5659 8 
37 118267 6 
38 679793 19 
39 107981 10 
40 99600 240 
41 111357 13 
42 118277 9 
43 115027 24 
44 110307 6 
45 107387 44908 
46 516378 80 
47 642018 180 
48 26592 10 
49 562934 3 
50 99596 20 
51 109059 22 
52 111869 6 
53 680570 25 
54 560135 31 
55 520187 52 
56 640516 40 
57 561173 18 
58 5697 12 
59 112397 66000 
60 99621 24 
61 549340 7,5 
62 99571 5 
63 99599 80 
64 99610 6 
65 109109 342 
66 679997 15 
67 99586 320000 
68 530453 72 
69 113587 48 
70 5967 7 
71 111911 4 
72 112459 50 
73 324147 8 
74 530431 6 
75 500253 5 
76 114647 110 
77 509577 41,8 
78 99606 70 
79 5861 23 
80 109205 21 
81 114773 625 
82 99582 18 
83 107467 17 
84 110211 9 
85 118735 27 
86 99597 25 
87 114973 792 
88 628480 144 
89 110549 22 
90 323856 108 
91 39097 48 
92 520697 47 
93 115257 40,5 
94 26598 11 
95 111359 19 
96 116387 150 
97 113655 65 
98 107947 34 
99 654662 12 
100 118559 6 
1 509153 6 
2 660992 5 
3 509220 -10,25 
4 509260 -2 
5 650363 0,5 
6 660801 0,1 
7 509122 27 
8 509280 -9 
9 509101 0,25 
10 509287 2 
11 509233 -0,8 
12 562282 4,75 
13 685371 0,1 
14 508954 1,6 
15 509117 12 
16 509172 -0,2 
17 509096 8 
18 509241 2,75 
19 508934 -5 
20 509297 0,5 
21 509165 -23 
22 509069 22 
23 509119 64 
24 509008 -8 
25 508916 34 
26 509294 -2,5 
27 509244 1,8 
28 509034 32 
29 508965 16 
30 509182 -10 
31 509115 8 
32 509269 33 
33 676931 -2 
34 508901 9 
35 509125 -1,5 
36 509194 -0,25 
37 660926 64 
38 508909 14 
39 508997 2 
40 508921 27 
41 639672 4 
42 676899 36 
43 639108 -31 
44 509120 24,5 
45 508979 -0,2 
46 509132 1,5 
47 509211 -0,75 
48 509009 2 
49 509273 16 
50 508986 48 
51 509114 -2,4 
52 676854 2 
53 508943 11 
54 509282 -20 
55 639646 77 
56 508908 -10 
57 509145 1,5 
58 508914 -21 
59 508970 -20 
60 509223 -16 
61 509011 7 
62 509113 6,5 
63 509157 5 
64 509128 1,5 
65 508978 -3,2 
66 509245 1,4 
67 509046 3 
68 508922 -61 
69 642407 4 
70 509121 32 
71 509111 4 
72 509293 -2 
73 624077 -67 
74 564962 -1 
75 665349 7 
76 508902 -16 
77 509137 2 
78 509116 -5 
79 509255 -6 
80 508992 -29 
81 509102 16 
82 509236 0,75 
83 509302 1 
84 642371 2,5 
85 509005 -4 
86 562289 -27 
87 509226 -11 
88 509118 1,96 
89 508953 11 
90 509190 -0,5 
91 509270 -151 
92 509108 -7 
93 509144 1 
94 508898 -4,25 
95 509010 1 
96 509135 1,5 
97 509169 0,2 
98 508935 31 
99 509247 0,6 
100 509043 5 
1 282862 5 
2 627987 64 
3 71881 1 
4 77469 10 
5 656253 -2 
6 286715 3 
7 505151 6 
8 530671 -9 
9 510828 -3,25 
10 509642 -14 
11 77423 0 
12 688779 -20 
13 674930 72 
14 513364 32 
15 132121 0,5 
16 77444 3 
17 562935 -51 
18 245183 16 
19 130707 0 
20 507908 49 
21 510490 4 
22 516379 7 
23 505469 3 
24 3531 32 
25 129537 263 
26 503145 -5 
27 548510 19 
28 70683 2 
29 287205 9 
30 284225 25 
31 132367 5 
32 71087 120 
33 512355 256 
34 315883 -9 
35 26723 10 
36 77468 -1 
37 3925 4 
38 3549 15 
39 132699 26 
40 642331 -49 
41 130359 -18 
42 525725 11 
43 126637 -3,5 
44 512496 -4 
45 132697 -3 
46 502312 -1 
47 70987 -38 
48 661083 6,1 
49 71117 -7 
50 77461 4 
51 77499 -2 
52 77481 10 
53 286905 -7 
54 129931 22 
55 130157 -66 
56 130755 4 
57 132217 -10 
58 125131 11 
59 41087 3 
60 286605 3 
61 283925 0 
62 71701 -12 
63 525137 2 
64 77424 2 
65 245176 3 
66 129933 -54 
67 530823 -8 
68 129247 -218 
69 132517 30 
70 286903 13 
71 4083 0 
72 129873 -6 
73 77439 6 
74 69993 -1 
75 26698 -14 
76 287405 4 
77 131025 -6 
78 287005 15 
79 131075 -8 
80 124975 4 
81 71409 0 
82 3633 7 
83 132727 14 
84 71329 17 
85 127187 -1 
86 3457 5 
87 510511 6 
88 287403 -10 
89 71247 8 
90 77471 -4 
91 77493 0,5 
92 661084 64 
93 245184 9 
94 676855 -2 
95 26717 51 
96 77479 36 
97 127445 -14 
98 3401 12 
99 77486 -2 
100 129843 11 
