1 60918 все-таки|всё-таки|всё же|все же 
2 52949 же 
3 50658 все 
4 59295 но|однако 
5 56522 только|лишь|тольколишь|лишьтолько|исключительно 
6 50641 их 
7 38781 если|когда 
8 52976 только|лишь|тольколишь|всеголишь 
9 48121 где|в котором 
10 38838 поэтому|потому 
11 38820 чём-то|чём-либо|чём-нибудь 
12 38823 среди|из 
13 46254 втечение|напротяжении 
14 59865 даже 
15 38817 благодаря 
16 42222 свой 
17 43721 каждый|всякий 
18 38793 её|ее 
19 42216 ею|ей 
20 51822 именно|как раз 
21 43638 несмотряна|невзираяна 
22 44200 среди|посреди 
23 43694 же|ведь|всё-таки|все-таки 
24 53295 его 
25 38856 которыми 
26 57503 все 
27 42210 например|кпримеру|вчастности 
28 41216 однако|но|темнеменее 
29 38826 первое 
30 49983 всякий|любой|каждый 
31 38808 лишь|только|всего-навсего|лишьтолько|всеголишь 
32 57531 это|то 
33 38847 всилу|попричине|вследствие|ввиду 
34 38796 лишь|только|всего-навсего|лишьтолько|всеголишь|всего 
35 38784 которой|который 
36 42231 именно|какраз 
37 52544 только|лишь|только лишь|исключительно|единственно 
38 60207 в соответствии с 
39 50656 потом|затем|после 
40 38787 такой 
41 38775 что 
42 59264 тому|этому 
43 50675 если 
44 42207 посредством|спомощью|припомощи 
45 38850 её|ее 
46 38862 как 
47 54168 им 
48 42228 таких|этих 
49 49153 именно|как раз|прямо 
50 44654 или|либо 
51 50638 которые|что 
52 50438 эти 
53 50263 другая|иная 
54 49954 только|лишь|исключительно|только лишь|единственно 
55 38814 во-вторых 
56 48149 значит|следовательно|а следовательно|иначе говоря|таким образом|иными словами|другими словами|выходит|получается 
57 50643 или|либо 
58 59666 сам|весь 
59 38778 именно|какраз 
60 49126 вследствие|ввиду|из-за|по причине|в силу 
61 39738 ведь|потомучто|таккак|поскольку|потому как 
62 54209 всём|всем 
63 38844 именно|какраз 
64 50290 все 
65 50203 кроме|помимо 
66 51849 только|лишь|исключительно 
67 50317 именно 
68 38832 такое 
69 50646 их 
70 41245 вместо|взамен 
71 58080 так|например|кпримеру 
72 50671 каким 
73 56495 обеими 
74 57066 после 
75 60234 каким 
76 38859 него 
77 39809 все 
78 54086 сама 
79 38805 вовсе|отнюдь|далеко 
80 58355 это 
81 38790 чтобы 
82 38835 так 
83 38811 иных|других 
84 52517 иной|другой 
85 53322 всё|все 
86 46283 других|иных 
87 38829 вдоль 
88 50650 несмотрянаточто|невзираянаточто|хотя 
89 42204 засчёт|посредством|припомощи|спомощью|засчет 
90 57099 вторая 
91 44681 ничего 
92 59494 эти 
93 50674 но|однако 
94 42219 где|вкотором 
95 38802 другой|другая 
96 56105 эта|та 
97 43665 таккак|поскольку 
98 39774 например|кпримеру 
99 50667 но|однако 
100 59896 же 
1 60208 35|53 
2 60235 24|42 
3 53296 45 
4 50291 25 
5 60919 123 
6 52977 35 
7 60975 35 
8 45129 24 
9 59495 14 
10 45130 13 
11 45128 24 
12 45150 134 
13 53674 13 
14 45137 34 
15 45144 124 
16 45149 15 
17 45123 23 
18 45145 12 
19 50639 134 
20 50660 13 
21 50439 345 
22 50659 34 
23 45139 234 
24 45121 24 
25 59667 45 
26 45057 34 
27 45115 124 
28 45143 24 
29 45114 134 
30 56496 124 
31 45151 35 
32 50672 125 
33 57067 34 
34 59238 45 
35 45132 1235 
36 45155 24 
37 45133 25 
38 54210 24 
39 54087 135 
40 50665 235 
41 45131 23 
42 50635 123 
43 45140 235 
44 59897 15 
45 50679 23 
46 45109 14 
47 45117 125 
48 45116 24 
49 50204 35 
50 45146 34 
51 48150 23 
52 45136 23 
53 50670 234 
54 49955 234 
55 59265 234 
56 45159 35 
57 57532 235|253|325|352|523|532 
58 58081 35 
59 50264 125 
60 46255 35 
61 45154 14 
62 50651 1234 
63 59296 234 
64 45112 13 
65 45126 145 
66 45138 34 
67 45127 45 
68 49154 34 
69 49984 35 
70 51850 25 
71 45111 25 
72 45147 125 
73 45148 24 
74 59866 25 
75 57504 34|43 
76 51823 123 
77 45124 235 
78 45134 135 
79 45157 145 
80 45152 13 
81 52545 35 
82 45125 345 
83 45158 23 
84 45153 234 
85 45120 234 
86 45110 15 
87 45122 35 
88 49127 25 
89 56079 14 
90 56523 245 
91 48122 134 
92 45118 35 
93 50647 123 
94 45119 15 
95 52950 35 
96 46284 25 
97 54169 14 
98 50677 23 
99 52518 35 
100 57100 124 
1 44653 24 
2 54088 34 
3 50652 2345 
4 44199 25 
5 38810 1245 
6 44680 14 
7 38849 145 
8 38774 235 
9 50637 1345 
10 57505 24|42 
11 42227 24|42 
12 42203 134 
13 50649 125 
14 38813 145 
15 51824 234 
16 38828 123 
17 57068 24 
18 38834 1234 
19 56497 23 
20 50618 24 
21 42206 13|31 
22 60209 15|51 
23 48123 345 
24 39737 135 
25 60236 25|52 
26 59898 23 
27 46256 35 
28 51851 145 
29 58357 235 
30 50205 135 
31 51237 1234 
32 38777 123 
33 59266 345 
34 38780 135 
35 38840 145 
36 59297 125 
37 41215 2345 
38 42230 23|32 
39 50265 15 
40 38837 1234 
41 43720 25 
42 43637 35 
43 54170 23 
44 57533 1345 
45 39773 135 
46 49155 134 
47 50668 245 
48 59239 234 
49 52059 245 
50 38825 245 
51 48151 34 
52 38786 145 
53 38804 2345 
54 38858 1235 
55 50319 124 
56 38852 34 
57 50678 234 
58 38831 2345 
59 53297 125 
60 38855 245 
61 50648 124 
62 50642 134 
63 38843 1245 
64 50669 245 
65 42215 1235 
66 38795 123 
67 38816 245 
68 43693 134 
69 42209 125 
70 60920 35 
71 50346 345 
72 58082 134 
73 38807 123 
74 42212 1345 
75 38819 12 
76 38822 1245 
77 49985 34 
78 59867 1345 
79 52951 134 
80 50673 234 
81 57101 34 
82 56524 34 
83 56107 345 
84 38798 245 
85 59496 1234 
86 49128 145 
87 50662 235 
88 50645 134 
89 42224 234 
90 50640 123 
91 49956 34 
92 38792 1234 
93 59668 345 
94 41244 12 
95 56080 235 
96 50676 125 
97 52546 23 
98 42221 15|51 
99 50292 25 
100 53324 14 
1 56498 135 
2 45347 124 
3 56935 245 
4 45327 23 
5 59497 13 
6 49156 145 
7 50441 14 
8 45367 345 
9 60210 25|52 
10 55128 145 
11 45352 145 
12 45353 125 
13 45343 234 
14 45317 134 
15 45059 24 
16 58083 134 
17 45359 235 
18 45320 14 
19 51852 15 
20 59298 124 
21 49957 145 
22 45357 345 
23 45340 125 
24 58358 145 
25 45337 2345 
26 56931 125 
27 56108 245 
28 50293 125 
29 59669 125 
30 45335 135 
31 45341 145 
32 51513 245 
33 45349 135 
34 59240 13 
35 45322 345 
36 54089 124 
37 52979 13 
38 45366 123 
39 45363 145 
40 57506 125|152|215|251|512|521 
41 45364 15 
42 45368 245 
43 48152 245 
44 45361 134 
45 45325 124 
46 60921 14 
47 45354 2345 
48 56932 145 
49 51825 34 
50 45334 134 
51 56934 245 
52 45360 245 
53 45345 345 
54 50320 125 
55 45365 345 
56 54212 15 
57 45358 25 
58 60237 125|152|215|251|512|521 
59 45344 134 
60 56930 1235 
61 49129 23 
62 45331 124 
63 45318 134 
64 45355 125 
65 57534 345|354|435|453|534|543 
66 45362 12 
67 45348 123 
68 56081 134 
69 45333 34 
70 45323 23 
71 45351 2345 
72 52952 12 
73 45324 1245 
74 50266 34 
75 46257 24 
76 56929 345 
77 56933 123 
78 45346 1235 
79 50206 145 
80 45321 123 
81 59899 23 
82 45350 245 
83 45356 345 
84 57102 24 
85 45336 125 
86 48124 45 
87 45319 1234 
88 52520 123 
89 46286 135 
90 45338 125 
91 59868 13 
92 57069 23 
93 54171 25 
94 56525 34 
95 53298 25 
96 53325 235 
97 59267 15 
98 49986 1235 
99 52547 235 
100 56498 135 
1 1788 охватить 
2 37937 исполнительным 
3 40 памятливым 
4 54381 нетерпимым 
5 10897 доверительные 
6 1370 ожидают 
7 24487 вражеский 
8 724 единственным 
9 762 дождливым 
10 12814 сравнимый 
11 1446 восполнить 
12 59670 гарантированного 
13 12782 восполнить 
14 4197 венец 
15 3026 воинское 
16 50442 охватить 
17 78 популистские 
18 10643 дождевая 
19 37257 изобретательской 
20 3924 дипломатическую 
21 1522 зачинателем 
22 6219 доверительным 
23 16860 исполнительское 
24 49987 красящие 
25 18940 пугливые 
26 38463 благотворительная 
27 154 вражеская 
28 6680 конский 
29 1218 словарный 
30 4821 пополнил 
31 16971 отплатил 
32 13722 изобретательской 
33 45060 праздничный 
34 4431 абонентов 
35 18097 органические 
36 2630 спасательная 
37 44657 зачинатель 
38 57103 сытной 
39 3101 грибковое 
40 58359 сравнительный 
41 4353 нестерпимого 
42 16710 дипломантом 
43 5999 представительное 
44 17198 эффективность 
45 12756 надела 
46 458 демократичное 
47 4392 длительном 
48 7432 красящими 
49 6904 почтенный 
50 10668 памятный 
51 5272 выплата 
52 51514 унизительное 
53 37052 звериный 
54 2948 скрытый 
55 4509 зрительский 
56 44203 экономичный 
57 952 претерпеть 
58 4860 невеждой 
59 56499 органическое 
60 59299 отличить 
61 13783 жилищных 
62 192 исполнительная 
63 43724 практичной 
64 12347 гарантийном 
65 34116 памятны 
66 54090 дождевые 
67 4899 бедности 
68 648 единичные 
69 12476 скрытный 
70 4938 академический 
71 382 водянистыми 
72 9983 изобретательской 
73 10350 удачный 
74 7103 уклонение 
75 1978 восполнить 
76 39812 памятные 
77 10950 надеть 
78 1560 доверительная 
79 6258 практичный 
80 59498 деловому 
81 1256 наличии 
82 1066 огородить|оградить 
83 12627 нестерпимой 
84 9887 удачным 
85 9300 информативным 
86 2591 великого 
87 4275 технического 
88 5094 благотворительный 
89 24298 зрительский 
90 1408 вытряхнуть 
91 18176 обрывок 
92 3696 каменистая 
93 10820 надел 
94 54172 уклонился 
95 230 гуманитарной 
96 60922 ледовом 
97 990 органичное 
98 1750 сравнительное 
99 4119 высоком 
100 50321 действенные 
1 13646 научной 
2 16882 главную 
3 50322 косяк|стаю|стайку 
4 13798 назад 
5 13649 тонких 
6 14060 главную 
7 13666 обратно 
8 48154 вымышленного 
9 37258 первая 
10 12797 времени 
11 13642 отвечающих 
12 51625 имеют|представляют 
13 59242 даёт|дает|ставит 
14 12688 ледяной 
15 54383 первые 
16 38464 очень 
17 13671 ключевые|основные 
18 51854 движения 
19 24488 передовой 
20 12683 цветущих 
21 53327 драгоценных 
22 13668 мусором 
23 41220 долгосрочный 
24 13737 установить|поставить|побить|обновить|превзойти 
25 12664 сегодняшний|этот 
26 17027 заклятым|заклятый|злейшим|злейший|непримиримым|непримиримый 
27 51241 одержать|усилие|усилия 
28 52981 первую|роль 
29 12652 истинную 
30 30008 неожиданных 
31 59300 первая 
32 13667 взглядом 
33 18098 передовой 
34 14879 черном|чёрном 
35 12661 всю 
36 59499 первого 
37 28379 умывает 
38 12670 маленькие 
39 51626 выполнить 
40 51827 утреннем 
41 54384 правильное 
42 12684 основную 
43 12663 яблочную|изяблок 
44 43642 внимание 
45 12686 свободная 
46 49131 симпатизирует 
47 13647 недописанное 
48 51624 будущего 
49 12655 спросонья|послесна 
50 56110 дискуссионный 
51 58360 положительных 
52 13659 альтернативных|двух 
53 43698 произвести|производить|воздействие|влияние 
54 44204 цен 
55 36155 зрения 
56 12654 безслов|молча 
57 54091 хороших|высоких 
58 13850 нехватал|хватал 
59 12668 богатая 
60 54382 имеет 
61 60239 импонирует|симпатичен|небезразличен|нравится 
62 12829 вверх 
63 50443 проблему 
64 12656 опущенные 
65 12855 народного 
66 24299 бесплатно 
67 37053 руками 
68 12666 мокрую|мокрая 
69 44658 грызть 
70 13664 впервые 
71 51515 высокой 
72 12653 чернеющей 
73 48126 предварительных 
74 13824 поднимется|вырастет|повысится|увеличится|возрастёт|возрастет 
75 57536 выдающегося 
76 29811 преследовало|предполагало|имело|ставило 
77 12658 первая 
78 57071 восьмигранный 
79 35497 лица 
80 54214 себялюбивый 
81 13644 атмосферного 
82 16711 приложил 
83 12650 холодный 
84 14892 часть 
85 12671 проливной 
86 44685 царя 
87 13653 всевозможные|различные 
88 12657 свою 
89 43725 умудрённые|умудренные|обладающие 
90 36107 глаз 
91 13665 анализа|разбора 
92 50208 провел|провёл 
93 13645 лингвистикой|языкознанием 
94 52954 передовой 
95 12690 светловолосая 
96 49158 внимание|придавать 
97 13662 разграничение|дифференциация 
98 13656 помог|поспособствовал 
99 34085 тайного 
100 13651 промышленная 
1 953 смотря|посмотрев 
2 35498 две 
3 4276 марта 
4 39813 полутораста 
5 573 туфель 
6 4861 заезжай 
7 57509 семисотый 
8 24300 пятьюстами|спятьюстами 
9 10763 четырёмстам|кчетырёмстам 
10 59992 сто 
11 51855 яслей 
12 54092 платьев 
13 44659 семьюдесятью 
14 3 звучный 
15 2811 сосисок 
16 9984 макарон 
17 50269 семью 
18 1903 трёхсот|трехсот 
19 4978 туфель 
20 16861 сапог 
21 41221 триста 
22 4237 вызовы 
23 2949 чулок 
24 10821 блюдец 
25 7026 пятьюстами 
26 839 полутора 
27 12502 тюлем 
28 7433 шестьюстами 
29 10669 чистая 
30 4627 яблонь 
31 1599 басен 
32 58361 лягте 
33 18942 клади|положи 
34 801 блюдец 
35 4081 деревень 
36 12628 обеим 
37 649 пятьюдесятью 
38 57537 сплетен 
39 51516 испечёт|испечет 
40 4549 взгляни 
41 9934 термосы 
42 1181 попробуем 
43 4666 поезжай 
44 55131 повидлом 
45 29812 поезжайте 
46 59672 запечатлеть 
47 4354 достигли 
48 2514 СЕМЬЮСТАМИ 
49 59997 марта 
50 3102 запрещающий|запретивший 
51 4315 высох 
52 10951 двух 
53 1485 сладкий 
54 52955 сапог 
55 4198 полисы 
56 24489 угрюмый 
57 36108 положите 
58 1447 пятисот 
59 30009 семьюстами 
60 6827 стрижёт|стрижет 
61 5481 сапог 
62 13723 испечёт|испечет 
63 611 проронив 
64 7065 приду 
65 44205 молодой|молод 
66 877 болеевысоко|выше|высоко 
67 4042 яслей 
68 59902 древний 
69 9245 лопнувшие 
70 117 выздоровеет 
71 9888 красивая|красива 
72 5134 инженеры 
73 10426 честнее|болеечестно|честно 
74 1865 ляг 
75 38465 высоко 
76 6720 вишен|вишни 
77 1979 поезжай 
78 2733 точно 
79 4744 две 
80 59301 шампунем 
81 18070 времени 
82 687 глубокий 
83 50444 вафель 
84 3808 поскользнуться 
85 5559 сапог 
86 231 падежей 
87 4939 термосы 
88 12348 шестисот 
89 3141 положи 
90 43699 стережёт|стережет 
91 1789 их 
92 49989 ему 
93 269 их 
94 6681 красивее 
95 50296 партизан 
96 1029 хорошая 
97 4432 яблонь 
98 7104 лягте 
99 59991 почерк 
100 4510 положи 
1 7788 59638 
2 10645 57142 
3 24301 42795 
4 55522 24961 
5 28849 61258 
6 10952 32451 
7 7876 61742 
8 10269 21754 
9 10822 25378 
10 7570 35761 
11 12784 37921 
12 9985 59321 
13 12579 45691 
14 55784 96453 
15 30010 96534 
16 17056 61894 
17 10226 13479 
18 12349 87692 
19 10080 54687 
20 37082 91728 
21 12629 92485 
22 48156 93185 
23 9051 25378 
24 59302 78195 
25 49990 29637 
26 10077 68137 
27 17201 23649 
28 51829 56978 
29 10253 28479 
30 54093 15792 
31 13759 46329 
32 24490 79241 
33 10274 35246 
34 59271 25378 
35 9052 74926 
36 16862 34572 
37 10276 25147 
38 12604 46975 
39 13724 86953 
40 10071 16354 
41 39744 96824 
42 39814 43827 
43 12478 84527 
44 10242 97452 
45 54394 24679 
46 18179 28536 
47 10224 46879 
48 10266 84162 
49 38466 79124 
50 60925 23978 
51 12529 26579 
52 44206 54312 
53 7873 53781 
54 37260 38259 
55 10225 68137 
56 16713 36829 
57 50445 71943 
58 13894 36794 
59 10275 12564 
60 7775 15832 
61 51856 48936 
62 54175 73942 
63 7776 97452 
64 49961 39517 
65 10277 85132 
66 10076 47831 
67 50297 67249 
68 55800 62831 
69 16974 61849 
70 10241 53781 
71 18100 43791 
72 9053 59732 
73 44687 81496 
74 10402 32816 
75 10234 14637 
76 7875 23167 
77 53329 62854 
78 7874 59618 
79 12401 58714 
80 10068 14379 
81 12842 39462 
82 10239 67482 
83 37967 83156 
84 12376 54973 
85 10267 28153 
86 29813 82734 
87 7877 81743 
88 34087 45627 
89 10223 94783 
90 10246 54782 
91 14928 24963 
92 14866 91352 
93 10073 68137 
94 55521 47831 
95 10789 59732 
96 10260 68137 
97 12758 36195 
98 37940 49283 
99 10278 24387 
100 10075 47831 
1 52552 145 
2 49736 23 
3 54094 45 
4 49735 125 
5 49962 14 
6 59674 234 
7 49134 145 
8 45792 13 
9 51517 123 
10 46182 14 
11 58088 135 
12 55133 25 
13 46527 125 
14 46291 135 
15 50446 124 
16 46528 345 
17 56503 345 
18 58363 345 
19 46514 25 
20 52525 125 
21 45061 124 
22 46519 25 
23 60926 24 
24 59303 23 
25 48129 45 
26 49729 1234 
27 49711 25 
28 59272 25 
29 46167 245 
30 59502 124 
31 52984 345 
32 52957 35 
33 46181 45 
34 46169 14 
35 57539 23|32 
36 45791 135 
37 50325 23 
38 46526 25 
39 51830 14 
40 56113 13 
41 46176 13 
42 49719 14 
43 51857 145 
44 45804 124 
45 49161 23 
46 46178 12 
47 59245 25 
48 46523 24 
49 60242 345|354|435|453|534|543 
50 49738 135 
51 49991 23 
52 46186 35 
53 54217 125 
54 50211 345 
55 45799 123 
56 49717 23 
57 57107 124 
58 60215 245|254|425|452|524|542 
59 45800 134 
60 45788 25 
61 57074 24 
62 46512 15 
63 46165 245 
64 49726 24 
65 50298 24 
66 46522 125 
67 46262 25 
68 46516 12 
69 57511 123|132|213|231|312|321 
70 49722 34 
71 59873 145 
72 49721 134 
73 48157 45 
74 46518 45 
75 56086 125 
76 51650 245 
77 46177 235 
78 59904 35 
79 53303 35 
80 46170 35 
81 46166 12 
82 54176 245 
83 49725 24 
84 50271 15 
85 53330 12 
86 45794 24 
87 56530 135 
88 45795 123 
89 49713 234 
90 46524 34 
91 45790 45 
92 49718 134 
93 46168 135 
94 49727 135 
95 46174 345 
96 46515 23 
97 46179 12 
98 45786 1234 
99 49716 245 
100 46517 145 
1 14868 234|342|423|432|324|243 
2 14465 13|31 
3 17203 125|152|215|251|512|521 
4 14574 23|32 
5 36159 34 
6 58364 14 
7 43702 12 
8 44208 23 
9 51651 13 
10 16715 35|53 
11 14462 34|43 
12 38468 234 
13 52526 14 
14 59304 135 
15 14461 23|32 
16 60243 25|52 
17 59675 234 
18 14469 23|32 
19 18945 345|354|453|435|543|534 
20 30012 15 
21 14456 25|52 
22 60216 45|54 
23 59503 245 
24 14466 35|53 
25 14467 14|41 
26 39782 23 
27 24303 13|31 
28 28383 25 
29 50129 124 
30 14459 23|32 
31 50299 23 
32 16864 234 
33 14460 14|41 
34 43729 245 
35 14463 45|54 
36 14064 124|421|214|412|142|241 
37 57540 25|52 
38 50447 13 
39 14572 25 
40 52958 13 
41 39817 134 
42 14457 23|32 
43 57108 145 
44 55134 134 
45 14468 24|42 
46 14930 135 
47 37057 35 
48 54397 145 
49 41253 15 
50 37084 25 
51 37262 14 
52 14570 24|42 
53 24492 13|31 
54 43646 124 
55 36111 15 
56 14581 124 
57 57512 134|143|314|341|413|431 
58 54095 1245 
59 14458 34|43 
60 37942 15 
61 14464 23|32 
62 14580 123|321|231|213 
63 51858 135 
64 35447 15 
65 56114 245 
66 14573 12|21 
67 52553 123 
68 56087 124 
69 44662 234 
70 18102 35 
71 14582 14|41 
72 59905 24 
73 29842 13 
74 17058 1345 
75 54177 25 
76 33926 235 
77 16976 124|142|214|241|412|421 
78 49162 24 
79 14577 15|51 
80 44689 1234 
81 14578 23|32 
82 59874 13 
83 46292 45 
84 50272 1245 
85 16742 15|51 
86 48158 24 
87 18209 45 
88 17003 134 
89 49135 234 
90 18073 12 
91 14571 24 
92 53331 1345 
93 14470 25|52 
94 48130 234 
95 58089 35 
96 54218 12 
97 19030 14|41 
98 14576 15|51 
99 49992 15 
100 37969 345 
1 57076 15 
2 50130 1345 
3 14659 123|132|231|213|321|312 
4 37085 35 
5 51246 15 
6 14520 24|42 
7 14510 15|51 
8 56088 45 
9 37263 24 
10 46293 15 
11 38469 14 
12 51655 124 
13 39747 145 
14 14516 23|32 
15 58365 13 
16 52986 23 
17 14511 23|32 
18 16865 25|52 
19 54398 134 
20 50300 235 
21 59305 2345 
22 18182 234 
23 55135 123 
24 14521 23|32 
25 59676 135 
26 44663 12 
27 14515 45|54 
28 60928 345 
29 14518 15|51 
30 24493 345|354|453|543|534 
31 44209 125 
32 41225 14 
33 14517 14|41 
34 54219 35 
35 24304 235|253|325|352|523|532 
36 14513 14 
37 29843 35 
38 14524 12|21 
39 50448 135 
40 16716 125 
41 39818 15 
42 14514 15|51 
43 14646 23|32 
44 14525 25|52 
45 17204 14|41 
46 57109 12 
47 30013 124 
48 14523 23|32 
49 48131 345 
50 51518 34 
51 49993 125 
52 14065 2345 
53 14522 34|43 
54 54096 125 
55 56532 12 
56 14648 45|54 
57 49136 125 
58 44690 13 
59 14869 135|351|531|153|315|513 
60 14649 34|43 
61 36160 234 
62 50327 235 
63 43647 345 
64 53332 235 
65 54178 12 
66 57541 45|54 
67 18946 23 
68 56115 135 
69 14656 134|143|431|413|314|341 
70 37970 45 
71 16977 35|53 
72 53305 234 
73 49163 15 
74 52527 135 
75 39783 1245 
76 18103 45|54 
77 33927 134 
78 28357 14 
79 36112 45 
80 51832 35 
81 59247 134 
82 59875 235 
83 14647 14|41 
84 43674 245 
85 51859 234 
86 50213 234 
87 14645 123|321|213|231 
88 17059 245|452|524|542|254|425 
89 43730 124 
90 43703 35 
91 18210 14 
92 16743 14|41 
93 28384 25 
94 34090 2345 
95 34122 13 
96 14931 235|253|352|325|523|532 
97 58090 25 
98 37943 15 
99 35448 235 
100 37058 25 
1 14932 135|351|531|153||315 
2 14480 45|54 
3 39819 235 
4 14500 34|43 
5 16866 134|143|314|341|413|431 
6 51671 135 
7 34123 23 
8 59505 35 
9 14504 15|51 
10 59306 35 
11 59248 123 
12 14473 34|43 
13 60929 25 
14 14472 23|32 
15 24494 123|132|231|213|321|312 
16 14485 12|21 
17 14497 35|53 
18 24305 135|153|315|351|513|531. 
19 14481 13|31 
20 29844 135 
21 50449 345 
22 53333 34 
23 30014 245 
24 14471 14|41 
25 17060 34|43 
26 14476 24|42 
27 44210 235 
28 34156 134 
29 14482 23|32 
30 14066 345|543|354|435 
31 14477 13|31 
32 56089 25 
33 37264 34 
34 14898 15|51 
35 14474 24|42 
36 38470 345 
37 37944 25 
38 59677 134 
39 14708 145 
40 51833 135 
41 55136 245 
42 14707 15 
43 14505 25|52 
44 14705 13 
45 17205 34|43 
46 39748 34 
47 14706 125 
48 54220 135 
49 14475 15|51 
50 17005 135|351|531|153|315|513 
51 14484 14|41 
52 29817 24 
53 14478 23|32 
54 14870 23|32 
55 57514 235|253|325|352|523|532 
56 14506 34|43 
57 14483 15|51 
58 14499 13|31 
59 51656 35 
60 14494 14|41 
61 57110 14 
62 14479 14|41 
63 51519 24 
64 52987 12 
65 52555 125 
66 53306 1345 
67 43731 123 
68 59275 1234 
69 59907 124 
70 39784 45 
71 54179 34 
72 46294 134 
73 43648 124 
74 41226 35 
75 17033 245|452|524|542|254|425 
76 36161 134 
77 44664 345 
78 28385 35 
79 14501 15|51 
80 14496 45|54 
81 57077 23 
82 56506 125 
83 59876 135 
84 41255 2345 
85 49994 124 
86 48160 12 
87 50214 345 
88 14959 235|253|352|325|523|532 
89 46265 45 
90 19032 23|32 
91 51860 135 
92 18183 34|43 
93 37086 35 
94 57542 235|253|325|352|523|532 
95 58091 25 
96 49164 45 
97 18104 2345 
98 37059 34 
99 43675 24 
100 44691 124 
1 51343 1235 
2 55152 134 
3 52961 134 
4 51411 23 
5 60930 25|52 
6 51340 135 
7 54098 24 
8 59249 45|54 
9 59307 25 
10 57543 234|243|324|342|423|432 
11 51419 24 
12 59506 45 
13 51332 35 
14 56090 134 
15 58367 234 
16 60219 12|21 
17 51327 12 
18 55153 35 
19 56117 13 
20 51414 12 
21 51333 345 
22 57111 124 
23 51338 235 
24 51861 145 
25 51328 125 
26 52988 25|52 
27 59908 25|52 
28 51420 25 
29 51336 125 
30 53334 1234 
31 51413 1234 
32 54221 135 
33 51317 125 
34 52556 235 
35 51326 125 
36 51249 124 
37 51313 15 
38 51834 24|42 
39 51410 145 
40 51250 35 
41 58092 235 
42 51319 135 
43 51321 135 
44 57078 235|253|325|352|523|532 
45 51418 123 
46 59877 134 
47 51320 23 
48 59276 135 
49 53307 14|41 
50 51311 34 
51 51330 25 
52 60246 245|254|425|452|524|542 
53 51323 23 
54 56534 13|31 
55 51324 13 
56 52529 135 
57 51315 13 
58 54180 1245 
59 51314 145 
60 57515 345|354|435|453|534|543 
61 51412 45 
62 51331 35 
63 51337 125 
64 51306 14 
65 51325 234 
66 51658 124 
67 51339 145 
68 51342 1235 
69 51335 125 
70 51415 12 
71 51318 12 
72 51416 1234 
73 51316 124 
74 51421 24 
75 51417 15 
76 51329 123 
77 51312 23 
78 51334 235 
79 51422 123 
80 51322 13 
81 51343 1235 
82 55152 134 
83 52961 134 
84 51411 23 
85 60930 25|52 
86 51340 135 
87 54098 24 
88 59249 45|54 
89 59307 25 
90 57543 234|243|324|342|423|432 
91 51419 24 
92 59506 45 
93 51332 35 
94 56090 134 
95 58367 234 
96 60219 12|21 
97 51327 12 
98 55153 35 
99 56117 13 
100 51414 12 
1 51369 13 
2 56091 12 
3 59308 245 
4 51409 25 
5 51254 24 
6 59507 12 
7 51373 1235 
8 56118 24 
9 51404 124 
10 51252 14 
11 58368 25 
12 58093 235 
13 51380 12 
14 54099 25 
15 51398 25 
16 55154 35 
17 60931 45 
18 51385 15 
19 51253 135 
20 54181 45|54 
21 51407 124 
22 53335 15|51 
23 51374 14 
24 51835 14|41 
25 51402 145 
26 59878 45|54 
27 51365 124 
28 56508 134|143|314|341|413|431 
29 51400 124 
30 60220 23|32 
31 51376 15 
32 51862 35|53 
33 51372 234 
34 52989 34|43 
35 51366 124 
36 57516 24|42 
37 51401 45 
38 57079 23|32 
39 51403 235 
40 53308 345 
41 52557 25|52 
42 51370 125 
43 51379 14 
44 59909 25|52 
45 57112 1245 
46 51384 15 
47 51375 23 
48 51397 24 
49 56535 34|43 
50 52530 45|54 
51 51383 23 
52 59250 35|53 
53 51405 123 
54 57544 14|41 
55 51377 134 
56 52962 125 
57 51392 135 
58 51367 245 
59 51394 24 
60 54222 124 
61 60247 345|354|435|453|534|543 
62 51406 135 
63 59277 34|43 
64 51386 245 
65 51391 34 
66 51371 135 
67 51364 345 
68 51396 34 
69 51387 123 
70 51378 25 
71 51395 25 
72 51399 24 
73 51388 45 
74 51389 24 
75 51363 125 
76 51381 15 
77 51368 124 
78 51408 23 
79 51390 123 
80 51382 15 
81 51393 34 
82 51657 25 
83 51369 13 
84 56091 12 
85 59308 245 
86 51409 25 
87 51254 24 
88 59507 12 
89 51373 1235 
90 56118 24 
91 51404 124 
92 51252 14 
93 58368 25 
94 58093 235 
95 51380 12 
96 54099 25 
97 51398 25 
98 55154 35 
99 60931 45 
100 51385 15 
1 39822 124 
2 59278 14|41 
3 468 123 
4 4559 13|31 
5 35506 13456 
6 24308 1234 
7 848 123 
8 4988 13|31 
9 1001 123 
10 10359 2 
11 3584 1235 
12 7441 124 
13 50452 34 
14 1533 134 
15 3896 13|31 
16 50304 45|54 
17 6230 123 
18 12636 23|32 
19 54100 234 
20 3818 123 
21 55155 14 
22 6010 234 
23 37974 12345 
24 4910 1234 
25 38473 234 
26 51863 127 
27 1761 13|31 
28 4169 12|21 
29 19035 13456 
30 2524 13|31 
31 4715 25|52 
32 13731 35 
33 50277 245 
34 1609 134 
35 3935 123 
36 9992 34|43 
37 1343 23|32 
38 39751 1346 
39 4754 1234 
40 24497 13|31 
41 10906 12|21 
42 6347 14|41 
43 4052 12|21 
44 16869 123|132|231|213|321|312 
45 52531 12345 
46 4949 1234 
47 51836 1235 
48 50134 13|31 
49 14901 13456 
50 54403 23 
51 6876 23|32 
52 44213 1234 
53 44667 23456 
54 10677 234 
55 30017 3 
56 4403 12|21 
57 963 123 
58 52558 2 
59 4442 12|21 
60 9896 1234 
61 2445 123 
62 43707 1245 
63 4208 12|21 
64 59309 3 
65 2959 123 
66 4364 3 
67 12561 1234 
68 12356 123 
69 10384 1 
70 1571 13|31 
71 6837 14|41 
72 51256 34 
73 1419 123 
74 34094 1234 
75 5283 34|43 
76 10829 3 
77 59508 23 
78 6308 123 
79 48135 47|74 
80 4286 1234 
81 50 12|21 
82 39787 16 
83 6915 13|31 
84 354 135 
85 37267 1234 
86 12536 124 
87 4130 12|21 
88 1495 34|43 
89 9334 134 
90 7075 12|21 
91 3112 13|31 
92 12611 1235 
93 6996 13|31 
94 34126 1246 
95 925 123 
96 3779 23|32 
97 52963 124578 
98 620 23|32 
99 4091 123 
100 9253 134 
1 4179 52|25 
2 14902 15|51 
3 250 24|42 
4 58370 1234 
5 1011 23|32 
6 3828 15|51 
7 12766 15|51 
8 24498 24|42 
9 7006 35|53 
10 49168 13|31 
11 973 45|54 
12 13732 15|51 
13 2416 25|52 
14 44420 1235 
15 10385 14|41 
16 37268 15 
17 52532 2345 
18 9968 23|32 
19 3161 45|54 
20 38474 34 
21 4686 24|42 
22 5540 12|21 
23 54224 13 
24 24309 25|52 
25 44427 245 
26 48164 12 
27 4491 35|53 
28 12357 13|31 
29 53310 123 
30 9190 34|43 
31 6740 21|12 
32 50453 145 
33 60933 1245 
34 6357 23|32 
35 3906 15|51 
36 10830 12|21 
37 59880 14 
38 5154 25|52 
39 44424 1235 
40 59310 25 
41 12587 35|53 
42 49742 24 
43 4101 15|51 
44 9993 14|41 
45 58095 145 
46 2612 45|54 
47 39823 125 
48 4452 25|52 
49 44464 135 
50 44214 45 
51 37975 24|42 
52 3867 23|32 
53 12434 13|31 
54 6847 35|53 
55 44439 135 
56 2753 13|31 
57 16870 35|53 
58 50135 234 
59 52559 14 
60 4569 35|53 
61 2651 12|21 
62 12384 13|31 
63 3945 51|15 
64 59509 35 
65 51668 14 
66 17064 23|32 
67 30018 34 
68 2455 25|52 
69 4062 35|53 
70 51523 23 
71 41259 245 
72 9897 23|32 
73 10360 24|42 
74 59681 1235 
75 364 41|14 
76 4920 12|21 
77 44460 1234 
78 13902 13|31 
79 4842 32|23 
80 55140 125 
81 56510 134 
82 4647 45|54 
83 1847 42|24 
84 44465 2345 
85 12637 24|42 
86 60249 23|32 
87 4725 23|32 
88 44668 124 
89 2930 12|21 
90 7442 23|32 
91 5115 41|14 
92 19036 13|31 
93 49743 234 
94 4959 13|31 
95 3008 15|51 
96 18079 25 
97 4257 23|32 
98 39752 35|53 
99 57518 25|52 
100 7085 12|21 
1 1541 5 
2 7083 123 
3 56538 2 
4 59311 134 
5 24499 123|132|231|213|321|312 
6 1351 1234 
7 21 13|31 
8 3787 2 
9 1503 1 
10 12638 234|243|423|432|342|324 
11 4372 1234 
12 14903 3 
13 1997 124 
14 39753 123456 
15 5152 14|41 
16 39824 34 
17 9361 1234 
18 1617 1234 
19 4060 123 
20 7443 12|21 
21 48165 12356 
22 4606 12|21 
23 1237 123 
24 59682 2 
25 16749 123|231|312|321|213|132 
26 6884 1234 
27 96 4 
28 12358 14|41 
29 36118 123456 
30 5460 34|43 
31 4996 14 
32 50136 3 
33 210 13|31 
34 3943 134 
35 36166 46|64 
36 55141 134 
37 3120 1234 
38 34161 1234567 
39 4450 14|41 
40 9994 12|21 
41 1845 124 
42 17065 1237 
43 4138 24|42 
44 59510 345 
45 704 12|21 
46 48137 123456 
47 4684 4 
48 50454 1234 
49 9969 123 
50 4489 1 
51 3159 123 
52 38475 1234 
53 37976 23678 
54 3826 3 
55 2751 34|43 
56 10831 134 
57 10908 34|43 
58 44215 12 
59 44669 145678 
60 2532 1234 
61 4879 1234 
62 100 1234 
63 12793 235 
64 9898 12|21 
65 10654 234 
66 6238 123 
67 16871 123|132|231|213|321|312 
68 4528 34|43 
69 52992 134789 
70 58 23|32 
71 7044 12|21 
72 58371 234 
73 9389 1234 
74 4177 134 
75 780 124 
76 37269 12 
77 13820 136|361|163|631|613 
78 1579 1 
79 4294 123 
80 56121 13 
81 1427 1234 
82 30019 124 
83 4840 12|21 
84 24310 123|132|231|213|321|312 
85 18216 1245 
86 6738 124|241|412 
87 438 14|41 
88 10961 12|21 
89 53338 12367 
90 6355 13|31 
91 7004 14|41 
92 13903 1234567 
93 2967 14|41 
94 3904 123|321|213|132 
95 37949 1234567 
96 286 3 
97 13733 1 
98 4216 14|41 
99 4723 13|31 
100 14937 1345 
1 10832 1234 
2 1238 34|43 
3 9970 34|43 
4 4373 12|21 
5 1352 1234 
6 17066 345689 
7 30020 12 
8 3905 12|21 
9 629 1 
10 24311 12|21 
11 4880 1234 
12 54185 35678 
13 781 12345 
14 55142 1245 
15 6846 1234 
16 39754 45678 
17 54103 34 
18 59511 34 
19 6278 1234 
20 4997 12|21 
21 4529 12|21 
22 1124 1234 
23 28391 34|43 
24 9995 12|21 
25 12539 12578 
26 896 2456 
27 4841 1234 
28 12359 1234 
29 12411 1356 
30 50392 2367 
31 7045 1234 
32 24500 1234 
33 9945 123 
34 4295 1234 
35 59312 35 
36 287 125 
37 29850 39|93 
38 59683 12567 
39 3229 34|43 
40 5036 12 
41 12163 145 
42 6924 1234 
43 743 124 
44 37270 123 
45 5578 12456 
46 58097 2367 
47 4139 1234 
48 39825 124567 
49 36119 1234567 
50 14938 126 
51 6700 12|21 
52 7444 1234 
53 1884 4 
54 57116 145 
55 5292 1234 
56 44216 123456 
57 1618 124 
58 50000 12347 
59 7005 1234|3412 
60 13734 24578 
61 4412 1234 
62 97 1 
63 12155 12357 
64 16872 34|43 
65 667 1245 
66 12157 345 
67 6963 12|21 
68 9899 1234 
69 12436 1234 
70 2830 12 
71 50455 134 
72 7123 1234 
73 52690 234567 
74 12158 2345 
75 4100 12|21 
76 59913 345 
77 52694 123456789 
78 4958 12|21 
79 38476 1234 
80 50375 23 
81 50137 12345 
82 10884 124 
83 4256 23|32 
84 12164 1345 
85 5539 34|43 
86 4607 34|43 
87 60224 178|187|718|781|817|871 
88 363 12347 
89 4061 1234 
90 51524 123567 
91 4919 12|21 
92 13847 12456 
93 50376 124 
94 52966 13456 
95 3944 12|21 
96 6239 123 
97 4685 1234 
98 34162 127 
99 1390 12|21 
100 29823 123456 
1 52562 1456 
2 49754 13 
3 55143 23 
4 2932 14|41 
5 49764 1 
6 214 13|31 
7 13770 13|31 
8 59313 12 
9 51897 1234 
10 51901 13 
11 49755 134 
12 54104 13 
13 937 1 
14 37978 125 
15 7445 14|41 
16 13735 123|321 
17 2833 14|41 
18 56540 12345 
19 51905 126 
20 49753 125 
21 59255 13456 
22 51910 2 
23 1051 1 
24 24312 25|52 
25 51909 14 
26 18190 125|251|152|521|512|215 
27 49750 125 
28 1583 2 
29 39826 34 
30 49776 123 
31 480 14|41 
32 41262 12345 
33 30021 13 
34 1773 2 
35 44217 134 
36 49756 12 
37 13848 145|541|154|514|415 
38 60252 1456 
39 2755 14|41 
40 49771 134 
41 12360 1 
42 2614 2 
43 51906 123 
44 17012 145|541|154|514|415|451 
45 9900 1 
46 49783 12 
47 12640 13|31 
48 36168 125 
49 38477 24 
50 10775 14|41 
51 49781 12 
52 16873 1456 
53 6359 14|41 
54 56513 235 
55 49785 12 
56 2653 14|41 
57 5295 14|41 
58 6281 1 
59 49747 124 
60 57521 3456 
61 37271 14 
62 34098 12|21 
63 1925 2 
64 49752 124 
65 13796 15|51 
66 10833 1 
67 1469 1 
68 50138 1234 
69 51903 13 
70 6320 14|41 
71 48167 134|143|314|241|413|431 
72 51907 123 
73 59512 12 
74 12437 14|41 
75 784 1 
76 51914 12345 
77 1317 2 
78 59684 12 
79 60936 456 
80 49768 123 
81 46272 1345 
82 50456 13 
83 2496 14|41 
84 51898 1245 
85 14073 2 
86 51840 12367 
87 49780 123 
88 1431 1 
89 24501 13|31 
90 59883 126 
91 5581 14|41 
92 49773 12345 
93 28392 125 
94 556 2 
95 49779 1234 
96 12464 14|41 
97 51915 13 
98 1507 2 
99 51900 1234 
100 53313 25|52 
1 10389 1234 
2 7009 234 
3 59314 12346 
4 1584 1234 
5 1888 123 
6 54105 13 
7 6850 1234 
8 44218 134 
9 41263 12456 
10 9258 124 
11 291 124 
12 4416 134 
13 9901 234 
14 54410 1234 
15 1432 234 
16 12566 1356 
17 51262 234 
18 3831 123|132 
19 5504 13 
20 1736 123 
21 39827 123 
22 7127 134 
23 12641 1234|1243|1342|1324|1423|1432|2134|2143|2314|2341|2413|2431|3124|3142|3241|3214| 
24 14967 12567 
25 2537 234 
26 4494 15|51 
27 51868 123456789 
28 1052 123 
29 3792 134 
30 24313 1245 
31 1128 123 
32 46302 234569 
33 4572 124|421|214|412|142 
34 30022 1234 
35 2002 124 
36 10776 1234 
37 4923 134 
38 13736 1234 
39 19040 13456 
40 785 1234 
41 7446 1234 
42 4377 1234 
43 18219 137 
44 5118 1234 
45 2576 234 
46 55144 1345 
47 12465 12345 
48 1926 134 
49 6889 1234 
50 38478 134 
51 13771 156 
52 51841 123467 
53 7049 123 
54 16874 1234567 
55 481 234 
56 18112 12345 
57 45069 23 
58 4611 124 
59 49172 123467 
60 1698 1234 
61 4065 1234 
62 9997 1234 
63 43739 14567 
64 12438 1235 
65 4728 1234 
66 12361 1234 
67 4845 134 
68 59915 1567 
69 7088 1234 
70 24502 14|41 
71 12413 12345 
72 1242 1234 
73 4767 134 
74 48168 1234 
75 6023 124 
76 59513 1234 
77 3597 134 
78 50457 1234 
79 861 1234 
80 34099 1257 
81 6743 145 
82 60226 1234567 
83 37272 1234 
84 59884 1257 
85 4299 124 
86 900 1234 
87 10834 134 
88 9392 1245 
89 5296 1234 
90 41234 12348 
91 63 1234 
92 4689 124 
93 2933 234 
94 57085 1346 
95 6928 1234 
96 18083 12346 
97 57550 14578 
98 4143 123 
99 12828 136 
100 367 134 
1 38479 23 
2 14114 16 
3 57551 248|284|428|482|824|842 
4 54106 35 
5 49974 457 
6 14111 36 
7 50709 1246 
8 24503 1236 
9 34132 146 
10 24314 47|74 
11 14086 14 
12 50627 18 
13 51842 236789 
14 14097 36 
15 55156 259 
16 50590 25 
17 19041 12468 
18 50586 278 
19 50630 267 
20 58375 38 
21 50701 145 
22 50003 189 
23 14119 14 
24 44219 25 
25 42240 248 
26 36170 459 
27 51265 24 
28 51605 1349 
29 14099 14 
30 59916 1237 
31 50683 2567 
32 59514 158 
33 52564 4579 
34 50703 12 
35 42241 24|42 
36 51264 235 
37 36122 568 
38 50699 247 
39 42234 346 
40 50140 23 
41 17214 45|54 
42 60938 48|84 
43 14115 45 
44 50705 15 
45 14211 29 
46 57523 2569 
47 14082 36|63 
48 50706 256 
49 35458 2356 
50 50702 2378 
51 42233 359 
52 37273 15 
53 50700 346 
54 28367 24 
55 14094 14 
56 16875 167|176|617|671|716|761 
57 14101 24 
58 29826 236 
59 50704 234 
60 39828 13 
61 59885 36|63 
62 42242 19|91 
63 50707 46 
64 51527 17 
65 50223 1589 
66 14112 24 
67 51607 145 
68 50458 47 
69 59315 237 
70 48169 169 
71 14096 15 
72 50708 46 
73 14116 17 
74 56125 59 
75 50556 68 
76 52996 28|82 
77 54412 47 
78 14108 16 
79 57119 2469 
80 50697 47 
81 14212 23 
82 48141 46|64 
83 14085 23 
84 50629 12 
85 49146 4578 
86 14098 13 
87 50696 26 
88 34165 2357 
89 50694 237 
90 14100 15 
91 56515 27|72 
92 14110 12 
93 50684 136 
94 37953 134 
95 42239 2347 
96 50628 35 
97 53315 2567 
98 14117 16 
99 18192 4567 
100 14083 34 
1 56979 51872 
2 55427 51479 
3 57636 96371 
4 57552 74968 
5 56516 56971 
6 55392 81697 
7 58101 18573 
8 55397 39781 
9 56997 76981 
10 57001 71356 
11 58063 65193 
12 55430 67892 
13 60939 84236 
14 58079 38164 
15 57638 32971 
16 56126 48539 
17 56099 54629 
18 58064 96752 
19 58078 96735 
20 58065 13628 
21 55396 72394 
22 58376 65312 
23 56996 91872 
24 57000 81523 
25 57633 86415 
26 55394 25631 
27 57639 31852 
28 60228 35476 
29 60255 74931 
30 55326 72186 
31 58076 64179 
32 57524 98641 
33 56978 95632 
34 55388 62397 
35 57637 15638 
36 58066 25384 
37 55398 52379 
38 59285 13268 
39 55431 57194 
40 58062 39216 
41 55391 98456 
42 57629 34789 
43 56981 41867 
44 55428 93478 
45 58077 76134 
46 56982 81476 
47 55324 25684 
48 56980 28951 
49 59515 59628 
50 56983 23697 
51 55429 98536 
52 57630 34789 
53 56543 79152 
54 55395 89725 
55 57641 83152 
56 55426 13856 
57 57632 43189 
58 59316 27651 
59 56999 29374 
60 55399 52469 
61 58070 37285 
62 59917 64782 
63 56998 23568 
64 55325 96512 
65 59258 38725 
66 57635 41386 
67 55389 39672 
68 59886 34215 
69 55227 29736 
70 57087 98563 
71 57120 52816 
72 55146 75924 
73 57634 69251 
74 56979 51872 
75 55427 51479 
76 57636 96371 
77 57552 74968 
78 56516 56971 
79 55392 81697 
80 58101 18573 
81 55397 39781 
82 56997 76981 
83 57001 71356 
84 58063 65193 
85 55430 67892 
86 60939 84236 
87 58079 38164 
88 57638 32971 
89 56126 48539 
90 56099 54629 
91 58064 96752 
92 58078 96735 
93 58065 13628 
94 55396 72394 
95 58376 65312 
96 56996 91872 
97 57000 81523 
98 57633 86415 
99 55394 25631 
100 57639 31852 
1 51039 245 
2 51069 135 
3 51122 34|134 
4 56544 123 
5 51016 235 
6 51010 24 
7 51112 24 
8 51142 15 
9 51064 25 
10 51127 234 
11 51021 25 
12 51097 34 
13 51034 135 
14 51044 134 
15 51102 125 
16 56100 134 
17 51107 135 
18 51092 145 
19 51026 15 
20 51049 14 
21 51077 123 
22 51132 135 
23 51152 234 
24 51002 124 
25 51054 24 
26 56517 145 
27 51117 124 
28 55157 234 
29 51082 12 
30 56127 134 
31 51059 134 
32 51039 245 
33 51069 135 
34 51122 34|134 
35 56544 123 
36 51016 235 
37 51010 24 
38 51112 24 
39 51142 15 
40 51064 25 
41 51127 234 
42 51021 25 
43 51097 34 
44 51034 135 
45 51044 134 
46 51102 125 
47 56100 134 
48 51107 135 
49 51092 145 
50 51026 15 
51 51049 14 
52 51077 123 
53 51132 135 
54 51152 234 
55 51002 124 
56 51054 24 
57 56517 145 
58 51117 124 
59 55157 234 
60 51082 12 
61 56127 134 
62 51059 134 
63 51039 245 
64 51069 135 
65 51122 34|134 
66 56544 123 
67 51016 235 
68 51010 24 
69 51112 24 
70 51142 15 
71 51064 25 
72 51127 234 
73 51021 25 
74 51097 34 
75 51034 135 
76 51044 134 
77 51102 125 
78 56100 134 
79 51107 135 
80 51092 145 
81 51026 15 
82 51049 14 
83 51077 123 
84 51132 135 
85 51152 234 
86 51002 124 
87 51054 24 
88 56517 145 
89 51117 124 
90 55157 234 
91 51082 12 
92 56127 134 
93 51059 134 
94 51039 245 
95 51069 135 
96 51122 34|134 
97 56544 123 
98 51016 235 
99 51010 24 
100 51112 24 
1 51153 35 
2 51022 23 
3 51098 124 
4 51083 125 
5 51003 145 
6 51055 124 
7 51045 123 
8 55158 25 
9 56128 235 
10 56518 125|152|215|251|512|521 
11 51040 124 
12 51012 12 
13 55158 25 
14 51070 25 
15 51128 125 
16 51035 345 
17 51118 123 
18 56101 234 
19 51017 145 
20 51060 35 
21 51133 124 
22 51123 245 
23 51050 234 
24 51143 125 
25 51103 235 
26 56545 234|243|324|342|423|432 
27 51113 245 
28 51108 134 
29 51093 345 
30 51065 125 
31 51078 123 
1 51153 35 
2 51022 23 
3 51098 124 
4 51083 125 
5 51003 145 
6 51055 124 
7 51045 123 
8 55158 25 
9 56128 235 
10 56518 125|152|215|251|512|521 
11 51040 124 
12 51012 12 
13 55158 25 
14 51070 25 
15 51128 125 
16 51035 345 
17 51118 123 
18 56101 234 
19 51017 145 
20 51060 35 
21 51133 124 
22 51123 245 
23 51050 234 
24 51143 125 
25 51103 235 
26 56545 234|243|324|342|423|432 
27 51113 245 
28 51108 134 
29 51093 345 
30 51065 125 
31 51078 123 
1 51153 35 
2 51022 23 
3 51098 124 
4 51083 125 
5 51003 145 
6 51055 124 
7 51045 123 
8 55158 25 
9 56128 235 
10 56518 125|152|215|251|512|521 
11 51040 124 
12 51012 12 
13 55158 25 
14 51070 25 
15 51128 125 
16 51035 345 
17 51118 123 
18 56101 234 
19 51017 145 
20 51060 35 
21 51133 124 
22 51123 245 
23 51050 234 
24 51143 125 
25 51103 235 
26 56545 234|243|324|342|423|432 
27 51113 245 
28 51108 134 
29 51093 345 
30 51065 125 
31 51078 123 
1 51153 35 
2 51022 23 
3 51098 124 
4 51083 125 
5 51003 145 
6 51055 124 
7 51045 123 
1 51061 демобилизовался 
2 51051 безконца|умираетотголода 
3 56129 праваярука|ещёраз 
4 51104 всущности|повиснахвосте 
5 51028 чинами 
6 51066 вконцеконцов 
7 51079 впередисзади 
8 51013 мастерученик|ученикмастер 
9 51114 спрашиваюотвечают|спрашиваюотвечает 
10 51005 радостьскорбь|скорбьрадость 
11 51099 сплошьирядом 
12 56519 раньше теперь|теперь раньше 
13 51124 невсебе 
14 51023 долясудьбу|долясудьба 
15 51018 вовесьдух 
16 56129 праваярука|ещёраз 
17 51084 широкойузкая 
18 51041 красивыуродлив|красивыхуродлив 
19 51144 знамение 
20 51046 первыхпоследних 
21 51109 наполебрани|полебрани 
22 51094 времяотвремени 
23 51056 живуюмёртвому|живоймёртвому|богатствонищете|нищетебогатство 
24 51129 старомуновое|новоестарому 
25 56546 ненавидетьлюбим|любимненавидеть|всегдаредко|редковсегда 
26 51154 сделалаусилие|поднялаглаза 
27 51119 справаслева|слевасправа 
28 51134 ночьюднём|ночьюднем|днёмночью|днемночью 
29 51028 чинами 
30 51071 всамомделе|ведутсебя|ведёшьсебя 
31 51036 умудряюсь 
1 51061 демобилизовался 
2 51051 безконца|умираетотголода 
3 56129 праваярука|ещёраз 
4 51104 всущности|повиснахвосте 
5 51028 чинами 
6 51066 вконцеконцов 
7 51079 впередисзади 
8 51013 мастерученик|ученикмастер 
9 51114 спрашиваюотвечают|спрашиваюотвечает 
10 51005 радостьскорбь|скорбьрадость 
11 51099 сплошьирядом 
12 56519 раньше теперь|теперь раньше 
13 51124 невсебе 
14 51023 долясудьбу|долясудьба 
15 51018 вовесьдух 
16 56129 праваярука|ещёраз 
17 51084 широкойузкая 
18 51041 красивыуродлив|красивыхуродлив 
19 51144 знамение 
20 51046 первыхпоследних 
21 51109 наполебрани|полебрани 
22 51094 времяотвремени 
23 51056 живуюмёртвому|живоймёртвому|богатствонищете|нищетебогатство 
24 51129 старомуновое|новоестарому 
25 56546 ненавидетьлюбим|любимненавидеть|всегдаредко|редковсегда 
26 51154 сделалаусилие|поднялаглаза 
27 51119 справаслева|слевасправа 
28 51134 ночьюднём|ночьюднем|днёмночью|днемночью 
29 51028 чинами 
30 51071 всамомделе|ведутсебя|ведёшьсебя 
31 51036 умудряюсь 
1 51061 демобилизовался 
2 51051 безконца|умираетотголода 
3 56129 праваярука|ещёраз 
4 51104 всущности|повиснахвосте 
5 51028 чинами 
6 51066 вконцеконцов 
7 51079 впередисзади 
8 51013 мастерученик|ученикмастер 
9 51114 спрашиваюотвечают|спрашиваюотвечает 
10 51005 радостьскорбь|скорбьрадость 
11 51099 сплошьирядом 
12 56519 раньше теперь|теперь раньше 
13 51124 невсебе 
14 51023 долясудьбу|долясудьба 
15 51018 вовесьдух 
16 56129 праваярука|ещёраз 
17 51084 широкойузкая 
18 51041 красивыуродлив|красивыхуродлив 
19 51144 знамение 
20 51046 первыхпоследних 
21 51109 наполебрани|полебрани 
22 51094 времяотвремени 
23 51056 живуюмёртвому|живоймёртвому|богатствонищете|нищетебогатство 
24 51129 старомуновое|новоестарому 
25 56546 ненавидетьлюбим|любимненавидеть|всегдаредко|редковсегда 
26 51154 сделалаусилие|поднялаглаза 
27 51119 справаслева|слевасправа 
28 51134 ночьюднём|ночьюднем|днёмночью|днемночью 
29 51028 чинами 
30 51071 всамомделе|ведутсебя|ведёшьсебя 
31 51036 умудряюсь 
1 51061 демобилизовался 
2 51051 безконца|умираетотголода 
3 56129 праваярука|ещёраз 
4 51104 всущности|повиснахвосте 
5 51028 чинами 
6 51066 вконцеконцов 
7 51079 впередисзади 
1 56520 10 
2 51155 7 
3 51130 29 
4 56103 38 
5 51105 15 
6 51042 28 
7 51004 8 
8 51125 46 
9 51120 37 
10 51029 35 
11 51062 25 
12 51047 35 
13 51052 3 
14 51145 21 
15 51115 41 
16 51019 31 
17 51072 9 
18 51024 15 
19 51100 3 
20 51014 58 
21 51080 9 
22 51135 11 
23 51037 26 
24 56520 10 
25 56130 9 
26 51067 40 
27 51095 24 
28 51057 37 
29 51029 35 
30 51110 9 
31 51085 7 
1 56520 10 
2 51155 7 
3 51130 29 
4 56103 38 
5 51105 15 
6 51042 28 
7 51004 8 
8 51125 46 
9 51120 37 
10 51029 35 
11 51062 25 
12 51047 35 
13 51052 3 
14 51145 21 
15 51115 41 
16 51019 31 
17 51072 9 
18 51024 15 
19 51100 3 
20 51014 58 
21 51080 9 
22 51135 11 
23 51037 26 
24 56520 10 
25 56130 9 
26 51067 40 
27 51095 24 
28 51057 37 
29 51029 35 
30 51110 9 
31 51085 7 
1 56520 10 
2 51155 7 
3 51130 29 
4 56103 38 
5 51105 15 
6 51042 28 
7 51004 8 
8 51125 46 
9 51120 37 
10 51029 35 
11 51062 25 
12 51047 35 
13 51052 3 
14 51145 21 
15 51115 41 
16 51019 31 
17 51072 9 
18 51024 15 
19 51100 3 
20 51014 58 
21 51080 9 
22 51135 11 
23 51037 26 
24 56520 10 
25 56130 9 
26 51067 40 
27 51095 24 
28 51057 37 
29 51029 35 
30 51110 9 
31 51085 7 
1 56520 10 
2 51155 7 
3 51130 29 
4 56103 38 
5 51105 15 
6 51042 28 
7 51004 8 
