1 58509 ДЕЖАГБИВ 
2 10306 11 
3 18072 15 
4 16030 26 
5 64886 ДГВЖАБЕКИ 
6 47205 58 
7 83131 105 
8 84695 48 
9 72559 ЕВЖИГДБАК 
10 69879 38 
11 48449 67 
12 82266 24 
13 76104 ЖБГАВЕДИ 
14 18431 15 
15 11232 15 
16 59706 17 
17 68263 69 
18 13349 25 
19 13506 12 
20 46959 19 
21 26975 14 
22 29188 16 
23 10377 22 
24 59733 36 
25 13399 13 
26 75238 22 
27 13560 20 
28 60243 35 
29 18809 8 
30 76216 31 
31 38935 8 
32 9789 55 
33 10404 59 
34 55588 ДАЕВГБЖИ 
35 18705 7 
36 61347 БЖКИДАЕГВ 
37 83159 14 
38 64931 ДАБИКГВЕЖ 
39 29110 24 
40 19052 9 
41 81785 52 
42 15843 67 
43 13452 11 
44 73856 22 
45 48422 48 
46 70528 38 
47 68502 26 
48 14218 28 
49 72586 ВКИЖЕАГБД 
50 27532 37 
51 25833 46 
52 13614 18 
53 18782 4 
54 76698 68 
55 36014 22 
56 11339 8 
57 85677 18 
58 69907 8 
59 15619 35 
60 14262 56 
61 59679 25 
62 13730 6 
63 59795 34 
64 51970 23 
65 46998 14 
66 84663 25 
67 37136 21 
68 26946 26 
69 9354 20 
70 11259 18 
71 23901 45|П4П5 
72 57408 10 
73 45235 92 
74 63017 14 
75 13533 15 
76 79714 37 
77 13479 15 
78 52172 19 
79 13587 12 
80 38446 20 
81 9753 40 
82 55797 7 
83 15971 26 
84 10279 8 
85 61381 ДБКГАЕВИЖ 
86 78026 24 
87 55618 ЕДБГИВАЖ 
88 63050 18 
89 76669 47 
90 39230 27 
91 56501 23 
92 73827 16 
93 58468 ИГВБЕДАЖ 
94 28678 19 
95 68234 78 
1 58509 ДЕЖАГБИВ 
2 10306 11 
3 18072 15 
4 16030 26 
5 64886 ДГВЖАБЕКИ 
1 27287 wzyx 
2 70529 zywx 
3 45236 zxwy 
4 39231 zwxy 
5 64887 wzyx 
6 59796 wzyx 
7 33174 yzwx 
8 75239 yxwz 
9 15939 wzyx 
10 57409 xzyw 
11 63018 wzyxu 
12 27371 zywx 
13 26974 xzyw 
14 16377 xzwy 
15 58469 ywxz 
16 15814 yxzw 
17 81786 zyxw 
18 61348 ywxz 
19 46960 zwyx 
20 33747 wzyx 
21 16805 yxwz 
22 18614 xwyz 
23 83160 xyzw 
24 59707 xzyw 
25 14763 zxy 
26 36015 zywx 
27 27399 zyxw 
28 47206 yxzw 
29 68503 zxyw 
30 59734 wxyz 
31 35976 yzwx 
32 29109 zyxw 
33 27228 ywzx 
34 18071 xwzy 
35 61382 zywx 
36 84664 xwzy 
37 52173 yzxw 
38 35460 zxyw 
39 63051 uywzx 
40 35891 zwxy 
41 55589 xzyw 
42 29187 xzwy 
43 46999 ywzx 
44 17366 yzwx 
45 18781 wxyz 
46 27260 yzwx 
47 78027 zxyw 
48 18430 wzyx 
49 60244 wzyx 
50 76217 ywzx 
51 58510 ywzx 
52 81468 wxzy 
53 68235 zywx 
54 15097 yzx 
55 78058 zwyx 
56 73857 yzxw 
57 36857 zyxw 
58 56530 xzwy 
59 72560 wzyx 
60 15912 zyxw 
61 76670 wxzy 
62 15124 xzy 
63 16029 zyxw 
64 55619 zxyw 
65 72587 zxwy 
66 48423 yxwz 
67 84696 zywx 
68 16878 zwyx 
69 55798 xwzy 
70 40977 zwyx 
71 15618 wzyx 
72 76699 yzxw 
73 18578 zywx 
74 79715 ywzx 
75 27531 ywzx 
76 16431 ywxz 
77 48450 zwyx 
78 38534 wxyz 
79 28538 zwyx 
80 18483 yzwx 
81 51971 ywzx 
82 38936 wzyx 
83 37137 cdba 
84 73828 wzxy 
85 40718 yxwz 
86 33504 wzxy 
87 17320 xwzy 
88 15970 yxwz 
89 27001 wyzx 
90 33081 zywx 
91 69880 xywz 
92 25832 wzyx 
93 15787 ywzx 
94 64932 zyxw 
95 56502 yxwz 
96 69908 xzyw 
97 18704 wzyx 
98 59680 yxwz 
99 18550 zwyx 
100 76105 wyzx 
1 61349 567735 
2 37480 659 
3 83161 612 
4 47000 801 
5 37481 24|24,0 
6 72588 472 
7 38937 241080 
8 56503 46528 
9 46961 1765 
10 60245 3570 
11 52174 813425 
12 57410 736 
13 37494 2440 
14 37485 48 
15 58317 105054 
16 58470 2005550 
17 58511 1 354 070 
18 47207 355 
19 84697 1993351 
20 63019 М35 
21 48424 10605631 
22 37493 86400 
23 40978 63140 
24 55620 12010766 
25 58314 597760 
26 81787 133228 
27 84665 919175 
28 76671 1457120 
29 68236 905 
30 76106 М36 
31 76218 1428983 
32 68265 742 
33 68504 2486 
34 59708 686 
35 51972 583580 
36 64933 34 
37 72561 1719 
38 56531 6477 
39 79716 6146 
40 58318 210 
41 48451 16177259 
42 55590 6175829 
43 73829 2348 
44 58320 80 
45 78028 497 
46 81469 4830 
47 37508 251560 
48 76700 788810 
49 75267 12 
50 63052 М20 
51 58315 265371 
52 59681 1318 
53 78059 1942 
54 73858 86 
55 61383 1286871 
56 70530 2550 
57 39232 116440 
58 81494 302809 
59 37507 129000 
60 37417 820 
61 55799 455 
62 58316 101924 
63 37492 174300 
64 37491 620 
65 40719 306100 
66 75240 20 
67 45237 789 
68 83133 420 
69 37415 966 
70 37488 268,5 
71 64888 22 
72 37479 680 
73 37489 243 
74 37490 620 
1 61349 567735 
2 37480 659 
3 83161 612 
4 47000 801 
5 37481 24|24,0 
6 72588 472 
7 38937 241080 
8 56503 46528 
9 46961 1765 
10 60245 3570 
11 52174 813425 
12 57410 736 
13 37494 2440 
14 37485 48 
15 58317 105054 
16 58470 2005550 
17 58511 1 354 070 
18 47207 355 
19 84697 1993351 
20 63019 М35 
21 48424 10605631 
22 37493 86400 
23 40978 63140 
24 55620 12010766 
25 58314 597760 
26 81787 133228 
1 51973 15 
2 55621 00000111 
3 15621 100 
4 76107 15 
5 33083 100 
6 15790 14 
7 58234 10 
8 84698 26 
9 16808 22 
10 9293 14 
11 33474 21 
12 18617 17 
13 84666 31 
14 18553 23 
15 11106 101 
16 15915 14 
17 13732 1100 
18 17369 24 
19 18433 1100 
20 15817 15 
21 14220 101 
22 16881 23 
23 76701 9 
24 58231 00 
25 45238 16 
26 76219 161161 
27 46962 27 
28 72589 00110 
29 15100 1010 
30 48425 19 
31 56504 11 
32 58232 10 
33 36017 111 
34 83134 19 
35 68237 1100110101 
36 18074 101 
37 26948 7 
38 15942 13 
39 59682 8 
40 48452 18 
41 38938 15 
42 16380 23 
43 14264 110 
44 78029 9 
45 17323 23 
46 83162 16 
47 55800 100 
48 59735 14 
49 18581 24 
50 13351 110 
51 16434 23 
52 29112 110 
53 11341 19 
54 18486 20 
55 59709 7 
56 61384 10010 
57 10499 00 
58 23903 111 
59 19054 10 
60 72562 01101 
61 70531 1000 
62 18811 110 
63 25835 110 
64 47001 26 
65 13616 14 
66 39233 14 
67 11261 20 
68 13481 010 
69 57411 1100 
70 15973 5 
71 59736 6 
72 26977 12 
73 76672 13 
74 58512 1010 
75 75241 14 
76 16032 16 
77 61350 01010 
78 81470 9 
79 81788 16 
80 60246 5 
81 27290 16 
82 13562 1001 
83 63020 35 
84 27401 100 
85 68505 101 
86 59797 5 
87 56532 10 
88 47208 14 
89 15845 111 
90 79717 6 
91 73859 001000 
92 73830 000110 
93 68266 1010100101 
94 63053 36 
95 9185 14 
96 52175 13 
97 13589 14 
98 28680 101 
99 14766 101 
100 9356 101 
1 72563 6566532230 
2 8654 1426 
3 84699 38 
4 55801 22 
5 9792 732 
6 76220 57 
7 81789 26 
8 10309 30969 
9 78061 718 
10 68238 1572 
11 23904 33 
12 75242 3323607 
13 18618 52 
14 78030 662 
15 11262 1698 
16 46963 1023 
17 7751 9810 
18 81471 6 
19 7690 169 
20 84667 26 
21 75269 3323808 
22 18582 103 
23 15128 9676 
24 58513 463 913 
25 13536 12 
26 85681 840 
27 85718 921 
28 13563 12 
29 27291 86 
30 29191 19 
31 68267 1803 
32 8094 46 
33 13590 154 
34 35894 107 
35 9190 6 
36 16435 1008 
37 10380 9878 
38 59798 8 
39 7454 2949 
40 10407 9696 
41 33750 40 
42 18708 21 
43 76673 536870912 
44 48453 1001 
45 15101 1396 
46 36018 402 
47 9298 4 
48 27402 19 
49 28542 1003 
50 76702 134217728 
51 7663 395 
52 15818 96 
53 11235 1599 
54 55622 154211420 
55 76108 75 
56 69883 24 
57 45239 47 
58 14767 1067 
59 59827 162 
60 11342 298 
61 63021 19 
62 10282 50979 
63 18075 126 
64 15622 115 
65 14221 168 
66 59738 127 
67 9756 237 
68 13617 134 
69 17370 6 
70 59828 9 
71 14692 9424 
72 52176 2057 
73 63054 25 
74 7982 187 
75 28681 180 
76 68506 65 
77 64890 296046047 
78 7917 296 
79 33475 46 
80 64935 332869954 
81 18554 82 
82 14265 175 
83 47002 255 
84 83163 56 
85 56533 141975308 
86 61385 10416669 
87 28897 31 
88 16033 105 
89 47209 16 
90 73831 134217759 
91 18812 56 
92 18785 3 
93 70532 109 
94 33084 39 
95 37140 56 
96 15974 101 
97 73860 134217743 
98 26949 22 
99 29113 220 
100 61351 10416665 
1 47316 40 
2 58245 174 
3 58473 17 
4 64891 36 
5 47249 66 
6 68268 12 
7 47307 80 
8 70073 384 
9 72591 120 
10 63022 59 
11 83136 101084 
12 48427 36 
13 51975 204 
14 81472 6939 
15 47406 65 
16 81790 251 
17 58248 391 
18 47310 12 
19 56534 43 
20 58514 23 
21 76674 1000 
22 59711 216 
23 47308 48 
24 73832 56 
25 47403 73 
26 61386 15 
27 78031 84 
28 59799 70 
29 47390 38 
30 63055 50 
31 59739 185 
32 47393 175 
33 75270 40 
34 47248 81 
35 84700 160 
36 47394 62 
37 58249 237 
38 55593 15 
39 52177 145 
40 48454 18 
41 64936 44 
42 73861 72 
43 70533 44 
44 47391 149 
45 76703 2600 
46 58242 99 
47 84668 158 
48 47404 51 
49 55623 18 
50 47210 38 
51 79719 113 
52 59684 249 
53 68239 14 
54 47301 18 
55 57413 27 
56 59829 127 
57 47304 42 
58 55802 77 
59 56506 48 
60 47392 268 
61 61352 19 
62 72564 110 
63 58246 195 
64 75243 28 
65 69884 380 
66 47407 13 
67 83164 96726 
68 47311 60 
69 47313 30 
70 47309 24 
71 47405 34 
72 47245 30 
73 68507 234 
74 47306 49 
75 76109 270 
76 47247 13 
77 47246 78 
78 47314 40 
79 47305 48 
80 47312 48 
81 47315 64 
82 47303 66 
1 47316 40 
2 58245 174 
3 58473 17 
4 64891 36 
5 47249 66 
6 68268 12 
7 47307 80 
8 70073 384 
9 72591 120 
10 63022 59 
11 83136 101084 
12 48427 36 
13 51975 204 
14 81472 6939 
15 47406 65 
16 81790 251 
17 58248 391 
18 47310 12 
1 10497 512 
2 13355 10 
3 64892 25 
4 29194 2 
5 33477 27 
6 83165 519450 
7 61353 24 
8 64937 40 
9 15104 16 
10 23907 4 
11 8097 10 
12 58474 4 
13 61387 16 
14 27538 1 
15 16384 256 
16 75244 80 
17 55803 1080 
18 59712 1081 
19 76222 20 
20 79720 91893 
21 72592 80 
22 55624 120 
23 72565 60 
24 13593 5 
25 56507 150 
26 57414 43200 
27 75271 68 
28 28545 256 
29 35981 256 
30 47211 98 
31 52178 27 
32 13620 8 
33 35896 16 
34 48455 22 
35 33086 64 
36 81814 245 
37 63056 4 
38 56535 198 
39 60249 288 
40 17373 64 
41 55594 50 
42 59830 10 
43 59685 288 
44 83137 405106 
45 76704 193 
46 18557 2 
47 48428 24 
48 18490 4 
49 25839 12 
50 70075 26 
51 81473 1998000 
52 14695 1024 
53 70534 41 
54 15794 256 
55 73833 70 
56 29116 21 
57 15625 2 
58 76110 131072 
59 68508 139 
60 18788 2 
61 81813 123937 
62 76675 65 
63 16036 1024 
64 59740 1188 
65 14770 64 
66 68269 12 
67 37142 64 
68 26952 64 
69 18585 24 
70 84669 16338 
71 18621 6 
72 36862 16 
73 36020 65536 
74 84701 13899 
75 26981 16 
76 78032 49887 
77 13736 256 
78 16438 16 
79 45241 64 
80 18078 150 
81 51976 12 
82 73862 60 
83 38941 256 
84 33752 2 
85 28684 15 
86 27378 64 
87 17327 256 
88 35465 256 
89 63023 5 
90 69911 32 
91 15849 8 
92 59800 1024 
93 2411 256 
94 15821 16 
95 18815 2 
96 16885 64 
97 15131 4 
98 58515 8 
99 68240 6 
100 33179 2 
1 33087 35721 
2 5087 3073 
3 64893 33554432 
4 3194 ОАУАО 
5 13459 128 
6 58237 35 
7 40724 15120 
8 59686 100810 
9 84670 335241 
10 16037 160 
11 59744 1860 
12 9645 ЛТВЛ 
13 33753 24135 
14 15978 131 
15 76676 2036 
16 3195 КККУК 
17 18712 1280 
18 76705 4083 
19 3567 ИИИЖЕ 
20 11346 405 
21 59742 720 
22 35466 23 
23 7921 486 
24 72593 229405365 
25 45242 131 
26 7306 216 
27 59831 8880 
28 48429 368640 
29 81474 46655 
30 59745 2429 
31 26953 504 
32 3235 92 
33 76111 609 
34 56536 1660944384 
35 59741 180 
36 3571 СССОС 
37 14269 144 
38 68509 2969 
39 76223 1355 
40 8658 ПННАП 
41 59832 3352 
42 40983 1800 
43 3700 КЦФКК 
44 27539 1440 
45 59713 5616 
46 3517 ТТРВ 
47 7338 625 
48 73863 73206121 
49 75245 69189120 
50 64938 8388608 
51 9162 ТМТС 
52 18789 193 
53 27236 888 
54 58235 38 
55 13540 5400 
56 3697 ТТТНН 
57 79721 720 
58 28546 24 
59 3233 АУУРК 
60 59801 1944 
61 3568 РРРОР 
62 59746 1863219 
63 18079 192 
64 14696 76 
65 33180 10476 
66 83166 11564 
67 47005 192 
68 15132 501 
69 58240 126 
70 69913 32750 
71 78033 15948 
72 10473 270 
73 15947 1089 
74 17328 144 
75 10500 160 
76 35982 6075 
77 58475 КИВОТР 
78 59743 9155 
79 69886 19868 
80 15795 157 
81 35897 20 
82 27268 480 
83 84702 196929 
84 26982 1296 
85 7201 ТТРН 
86 78064 16277 
87 72566 154248381 
88 85721 805 
89 83138 9295 
90 58516 ИОВКТР 
91 9194 324 
92 15822 86 
93 55625 1224 
94 3205 82 
95 9796 405 
96 57415 229 
97 13594 324 
98 36863 4864 
99 3518 ТТРМ 
100 7457 ЛККР 
1 48457 456 
2 55596 445 
3 59714 96 
4 64894 9527 
5 60251 83 
6 55626 250 
7 78034 29938 
8 58476 95 
9 63058 884 
10 81475 24959 
11 72594 17 
12 56537 1770 
13 39238 2 
14 76706 218 
15 69915 40 
16 68242 1986 
17 51978 303 
18 76677 232 
19 69914 12 
20 47006 1842 
21 59802 24 
22 75246 1246 
23 76112 3203 
24 70536 273 
25 69887 13189 
26 68271 2022 
27 64939 10422 
28 55805 853 
29 52180 241 
30 58322 61 
31 83167 213 
32 61355 6840 
33 84703 1119 
34 59779 9 
35 73835 4175 
36 57416 607 
37 79722 1922 
38 40725 3119 
39 40984 1878 
40 61389 6724 
41 47213 2241 
42 38588 2453 
43 59834 613 
44 58321 118 
45 73864 2969 
46 76224 3807 
47 45243 2640 
48 38943 1074 
49 63025 941 
50 84671 1509 
51 68510 118 
52 59778 7 
53 83139 752 
54 59833 1483 
55 46967 3094 
56 56509 2102 
57 48430 351 
58 59780 10 
59 58517 49 
60 81793 901 
61 72567 34 
62 59687 36 
1 48457 456 
2 55596 445 
3 59714 96 
4 64894 9527 
5 60251 83 
6 55626 250 
7 78034 29938 
8 58476 95 
9 63058 884 
10 81475 24959 
11 72594 17 
12 56537 1770 
13 39238 2 
14 76706 218 
15 69915 40 
16 68242 1986 
17 51978 303 
18 76677 232 
19 69914 12 
20 47006 1842 
21 59802 24 
22 75246 1246 
23 76112 3203 
24 70536 273 
25 69887 13189 
26 68271 2022 
27 64939 10422 
28 55805 853 
29 52180 241 
30 58322 61 
31 83167 213 
32 61355 6840 
33 84703 1119 
34 59779 9 
35 73835 4175 
36 57416 607 
37 79722 1922 
38 40725 3119 
1 63026 2214 
2 27587 1 
3 39239 2 
4 40985 3 
5 73836 2227 
6 58518 12 
7 84704 10 
8 27578 13 
9 59715 42 
10 33089 2 
11 48458 8 
12 37145 5 
13 52181 38 
14 45244 10 
15 81476 2 
16 78066 159 
17 33480 1 
18 76707 31 
19 55597 7 
20 59783 27 
21 61390 32 
22 81794 13 
23 35468 6 
24 68272 116 
25 76678 24 
26 68243 81 
27 47214 45 
28 76225 92 
29 55806 271 
30 78035 223 
31 36865 2 
32 79723 39 
33 57417 42 
34 59803 36 
35 36023 20 
36 46968 1 
37 55627 6 
38 64940 30 
39 60252 9 
40 75247 23 
41 48431 1 
42 56510 8 
43 33512 3 
44 84672 16 
45 70537 103 
46 33755 2 
47 75274 19 
48 68511 106 
49 73865 1268 
50 63059 1870 
51 72568 21 
52 83168 71 
53 72595 32 
54 27584 21 
55 56538 10 
56 27407 1 
57 47007 3 
58 61356 31 
59 27581 2 
60 51979 20 
61 83140 74 
62 58477 7 
63 59688 206 
64 59782 10 
65 38944 6 
66 29658 1 
67 64895 37 
68 33182 2 
69 40726 5 
70 27590 6 
71 35984 1 
72 76113 64 
73 69888 12 
74 27583 12 
75 27586 1 
76 27589 8 
77 35899 1 
78 27580 4 
79 27585 3 
80 59781 5 
81 27577 2 
82 27591 17 
83 27588 1 
84 27579 1 
85 27582 1 
1 63026 2214 
2 27587 1 
3 39239 2 
4 40985 3 
5 73836 2227 
6 58518 12 
7 84704 10 
8 27578 13 
9 59715 42 
10 33089 2 
11 48458 8 
12 37145 5 
13 52181 38 
14 45244 10 
15 81476 2 
1 81477 110 
2 25843 14 
3 55807 4992 
4 48459 12 
5 5081 1300 
6 57418 32 
7 10503 14 
8 84673 38130 
9 14774 700 
10 7364 390 
11 70077 240 
12 72596 1986 
13 76226 4034 
14 83141 32768 
15 9305 600 
16 5302 90 
17 13359 2000 
18 76679 1501 
19 59716 1568 
20 55598 53 
21 15825 22 
22 5205 2500 
23 14272 700 
24 78036 43564704 
25 33513 2600 
26 59748 4736 
27 63027 16640 
28 4841 240 
29 59835 7 
30 4582 200 
31 13597 23 
32 59747 2398 
33 11349 17 
34 59804 5265 
35 9165 60 
36 9799 9 
37 64896 48 
38 84705 49932 
39 6885 160 
40 68273 1024 
41 27542 46 
42 68512 129 
43 35469 2700 
44 6771 240 
45 76114 476 
46 4929 180 
47 76708 818 
48 7670 100 
49 4970 150 
50 58478 50 
51 29659 67 
52 59749 12608 
53 18494 19 
54 6917 200 
55 15981 13 
56 4684 300 
57 11309 12 
58 7758 320 
59 18441 1100 
60 9197 120 
61 52182 6208 
62 70538 257 
63 16442 18 
64 69916 1024 
65 27271 16 
66 60253 4352 
67 10476 43 
68 70076 110 
69 17377 15 
70 6181 240 
71 18625 20 
72 7785 450 
73 75248 1050 
74 58519 13 
75 45245 20608 
76 59689 2320 
77 16040 15 
78 6415 500 
79 36866 43 
80 7924 100 
81 33756 2620 
82 73837 386 
83 6226 180 
84 64941 52 
85 8661 420 
86 33481 50 
87 79724 8 
88 11269 12 
89 5237 150 
90 8101 1000 
91 15923 9 
92 6803 200 
93 7989 400 
94 27382 13 
95 4716 100 
96 18561 21 
97 73866 472 
98 83169 32 
99 28549 12 
100 6298 160 
1 27293 618
2 27292 254
3 26348 313
4 25606 126
5 25599 442
6 25351 8112
7 25302 380
8 25301 344
9 25293 349
10 25292 801
11 25239 402
12 25073 65120
13 25072 16306
14 25071 8035
15 25025 703
16 25024 239
17 25023 427
18 25022 29
19 25021 42
20 25020 13
21 25019 148
22 25017 75
23 25016 28
24 25015 703
25 25014 64
26 25013 36
27 25012 136
28 25011 111
29 25010 120
30 24987 583
31 24764 1337
32 24662 600
33 24553 601
34 24305 900
35 24176 274
36 24174 880
37 24173 363
38 24134 950
39 23859 400
40 23858 144
41 23851 651
42 23850 900
43 23849 664
44 23848 283
45 23847 650
46 23846 201
47 23815 8
48 23814 667
49 23813 1030
50 23812 1114
51 23750 999
52 23727 250
1 27293 618
2 27292 254
3 26348 313
4 25606 126
5 25599 442
6 25351 8112
7 25302 380
8 25301 344
9 25293 349
10 25292 801
11 25239 402
12 25073 65120
13 25072 16306
14 25071 8035
15 25025 703
16 25024 239
17 25023 427
18 25022 29
19 25021 42
20 25020 13
21 25019 148
22 25017 75
23 25016 28
24 25015 703
25 25014 64
26 25013 36
27 25012 136
28 25011 111
29 25010 120
30 24987 583
31 24764 1337
32 24662 600
33 24553 601
34 24305 900
35 24176 274
36 24174 880
37 24173 363
38 24134 950
39 23859 400
40 23858 144
41 23851 651
42 23850 900
43 23849 664
44 23848 283
45 23847 650
46 23846 201
47 23815 8
48 23814 667
1 5879 DFCA 
2 2203 ГБВА 
3 2225 egadbfc 
4 69922 832810 
5 10475 240 
6 25842 192 
7 7757 GBDA 
8 76681 84 
9 2227 ЕЗБГДВЖА 
10 2223 БВАГ 
11 17330 27 
12 9164 GFDA 
13 2230 ГВАБ 
14 3785 30 
15 2221 ГВЖЕДБА 
16 13461 EBGA 
17 13623 21 
18 2235 7235 
19 63029 240 
20 2222 ДВАЕГБЖ 
21 9693 FDCH 
22 2229 ВГАБ 
23 3541 2046 
24 2228 ГБАВ 
25 7258 http 
26 7988 224 
27 7345 BDGA 
28 16815 64 
29 26955 240 
30 5623 BCDA 
31 2224 ВБГА 
32 73839 9 
33 18493 28 
34 6898 DFCH 
35 60255 8 
36 84707 21218419231 
37 68275 66 
38 16387 192 
39 72571 22 
40 6995 FECA 
41 76710 120 
42 13542 248 
43 79726 9883255254 
44 78038 23 
45 13488 20 
46 27270 64 
47 75250 28 
48 83143 234 
49 11113 240 
50 64898 8192 
51 7784 FBCA 
52 28687 224 
53 64943 2048 
54 15134 5 
55 4697 DEFA 
56 3784 674 
57 63062 248 
58 3532 HBDA 
59 18081 128 
60 6784 DFBH 
61 2237 62 
62 3786 1554 
63 14698 13 
64 5094 FDCA 
65 73868 10 
66 13515 19 
67 81479 14316872222 
68 85689 537 
69 15628 248 
70 68514 5 
71 16888 32 
72 3550 FBHA 
73 9196 224 
74 4983 DEDH 
75 14773 9 
76 70540 1663 
77 9647 FCDA 
78 13358 240 
79 2232 28 
80 27238 224 
81 27541 224 
82 11308 21 
83 13408 DGCH 
84 68246 78 
85 76228 6112 
86 10288 DGBH 
87 3783 126 
88 69920 0 
89 81797 191191255254 
90 2234 1488 
91 5719 DFCA 
92 27381 224 
93 69891 262144 
94 5283 DFDH 
95 9304 192 
96 29119 240 
97 85726 430 
98 61393 240 
99 2231 29 
100 27297 80 
1 16043 12 
2 61360 1345 
3 48391 119 
4 48402 250 
5 59692 470402599 
6 48384 2715 
7 15632 27 
8 48399 187 
9 63030 1521 
10 84676 162248 
11 48398 194 
12 48390 262 
13 15111 9 
14 48393 224 
15 72572 2703 
16 48397 175 
17 64944 1763 
18 38589 15 
19 48396 345 
20 48386 18754 
21 13627 504 
22 61394 1340 
23 48387 2778 
24 48395 229 
25 37149 15 
26 81496 9966867 
27 48401 124 
28 48389 148 
29 75251 2862 
30 48394 234 
31 47218 8767 
32 48388 41428 
33 55810 116070624 
34 8664 5 
35 48385 113024 
36 27015 7 
37 48379 387 
38 48403 224 
39 57421 116071912 
40 17334 14 
41 48392 169 
42 48400 174 
43 18085 30 
44 48383 1597 
45 70078 233409739 
46 75278 3866 
47 72599 4071 
48 26988 32 
49 9766 7 
50 58481 34 
51 15828 14 
52 83172 31 
53 27545 31 
54 78070 19614415862 
55 76711 1585 
56 71001 2029 
57 73840 29059314 
58 68515 2019 
59 59751 368599039 
60 59807 5310266 
61 51983 7348 
62 48435 18341 
63 28552 4 
64 85727 17674449812 
65 48381 801 
66 28691 7 
67 63063 1444 
68 47011 6 
69 76229 1876 
70 48462 26789 
71 56514 2407 
72 84708 297276 
73 27411 13 
74 76682 1211 
75 68276 40 
76 16391 12 
77 33093 9 
78 76117 178814420 
79 58522 23 
80 18822 9 
81 69923 9 
82 35988 8 
83 78039 1112804491 
84 69892 16750 
85 48380 54 
86 33186 8 
87 60291 469034148 
88 48382 45963 
89 27274 13 
90 25846 34 
91 85690 4066120204 
92 15856 21 
93 68247 50 
94 40989 14 
95 64899 1114 
96 36027 151 
97 48377 6141 
98 73869 23647470 
99 81480 40176157 
100 15926 6 
1 63031 123 
2 45249 75 
3 8666 15 
4 29125 92 
5 26990 36 
6 27412 18 
7 7763 9 
8 34509 44 
9 14233 24 
10 34511 8 
11 15928 18 
12 52186 73 
13 33760 60 
14 75279 5506 
15 59755 4 
16 78071 43 
17 14779 19 
18 36028 17 
19 48463 99 
20 36870 12 
21 7790 3 
22 18720 122 
23 34521 41 
24 35904 120 
25 34516 13 
26 70542 19 
27 15830 16 
28 58219 27 
29 55811 36 
30 69925 88 
31 34544 16 
32 37150 23 
33 13364 21 
34 59752 181 
35 34518 38 
36 47219 94 
37 59693 17 
38 72600 22 
39 64945 16898 
40 34541 19 
41 33485 24 
42 60257 181 
43 34542 16 
44 33094 45 
45 63064 125 
46 16045 15 
47 56543 33 
48 68516 28 
49 17382 21 
50 9653 19 
51 34522 0 
52 73870 631782 
53 16447 10 
54 58217 23 
55 81481 129 
56 79728 4 
57 34539 20 
58 69893 60 
59 61361 64 
60 11119 20 
61 84709 256 
62 48436 125 
63 59753 67 
64 33517 14 
65 34517 11 
66 9699 3 
67 58523 17 
68 64900 16641 
69 18797 36 
70 33187 30 
71 15634 81 
72 34540 40 
73 69924 81 
74 34520 12 
75 27303 81 
76 81799 24 
77 34506 8 
78 35473 90 
79 68248 71 
80 84677 199 
81 75252 6690 
82 29663 30 
83 16894 12 
84 78040 28 
85 51984 97 
86 38590 12 
87 83145 30 
88 34514 16 
89 83173 44 
90 35989 20 
91 9170 38 
92 9321 7 
93 61395 60 
94 34537 5 
95 55602 54 
96 26961 119 
97 73841 709015 
98 34546 19 
99 9320 21 
100 39244 18 
1 51985 89699912 
2 4648 21 
3 38591 4122 
4 5089 5 
5 48464 259060409 
6 60258 4090506 
7 39245 3 
8 4724 360 
9 73871 18874368 
10 4655 16 
11 59757 4047 
12 4937 48 
13 62469 311880322 
14 6266 32 
15 7340 4095 
16 58220 65536 
17 59721 4045 
18 7270 840 
19 69894 16362024 
20 62470 194257368 
21 68517 4092529 
22 35905 161 
23 7372 720 
24 47220 8266912626 
25 4978 105 
26 84710 62962 
27 37151 62820 
28 6779 1 
29 81482 515901 
30 4644 20 
31 4651 149 
32 57423 2024 
33 7273 315 
34 5554 18 
35 76231 36471 
36 73842 37748736 
37 4647 142 
38 4657 89 
39 59841 8094 
40 5714 45 
41 4558 120 
42 59809 4041 
43 64901 3024000 
44 6234 315 
45 45250 3194 
46 5213 128 
47 6958 465 
48 58228 7 
49 56516 21 
50 81800 15588 
51 83174 17274 
52 56544 22 
53 4849 105 
54 36871 120 
55 5586 34 
56 6893 280 
57 5970 97 
58 59694 6069 
59 5810 59 
60 6990 820 
61 78041 318484 
62 62468 34602572 
63 33486 134 
64 5278 31 
65 61362 498501 
66 5310 63 
67 55812 1338 
68 58222 814893696 
69 58226 49 
70 4660 8 
71 6925 880 
72 40991 242 
73 4643 332 
74 59758 4407 
75 84678 79922 
76 4692 60 
77 83146 12125 
78 59759 6063 
79 7308 1023 
80 4652 29 
81 4656 134 
82 29664 54000 
83 4659 15 
84 7203 240 
85 75253 268431359 
86 4642 360 
87 6189 105 
88 68249 13 
89 48437 298999705 
90 6338 89 
91 46974 435 
92 47013 4060 
93 76684 839808 
94 6423 55 
95 52187 77718123 
96 27413 4122 
97 72601 4086462 
98 36029 2072 
99 61396 1997001 
100 33518 4095 
1 76232 2444 269722 
2 59810 217 9542 
3 37357 6243772 19992 
4 61363 78 115709 
5 37372 92471 9945 
6 83175 2627 504410 
7 75281 120 194137 
8 37337 12749665 19989 
9 68250 260 106865 
10 37368 29278 19860 
11 56517 172 99446482 
12 37336 2802 1990 
13 63033 336 253152 
14 60259 959 97471 
15 59785 909 -92695 
16 70544 1214 176024 
17 47014 1061 14847 
18 68279 229 154334 
19 59722 1684 
20 63066 269 198654 
21 84711 2627 1005 
22 69895 238 191665 
23 46975 1711 14666 
24 37347 40436496 19999 
25 39246 308 18893 
26 81483 28 237 
27 59695 299 196183 
28 73843 228 262713 
29 78042 7236 286698 
30 85730 172 98810 
31 84679 2441 27284 
32 69927 5897 357 
33 39762 170 18662 
34 37344 13510315 19999 
35 37354 9082691 19995 
36 73872 278 268089 
37 45251 126 171120 
38 37371 832722 9960 
39 37341 2551262 19994 
40 55813 2 33120 
41 76120 1 45768 
42 37349 5678937 19984 
43 76714 55 113955 
44 59842 157 973622 
45 68518 142 175430 
46 39763 1175 29451 
47 64947 59 198654 
48 40733 2288 14875 
49 58525 74 433966217 
50 48438 671 96731834 
51 61397 21 114132 
52 72575 1415 199020 
53 57424 16 9702 
54 47221 180 190360573 
55 48465 720 99266105 
56 55634 115 96944186 
57 37345 2284645 19920 
58 38951 635 19730 
59 58484 101 453256805 
60 37348 45539445 19999 
61 81801 150 9930 
62 79730 3507 863808 
63 51986 403 99805561 
64 76685 46 113153 
65 72602 1467 197700 
66 59784 2453 -176846 
67 83147 2553 19701728317 
68 39764 0 0 
69 52188 355 99033293 
70 40992 1531 14932 
71 37360 414830 19920 
72 56545 102 97666192 
73 55604 205 99520570 
74 64902 1060 195565 
75 75254 103 194888 
76 37358 4999742 19990 
77 37373 212587 9972 
78 37369 625876 9920 
79 37350 13931722 19993 
80 37362 21648 19760 
81 85693 152 93769 
82 37340 1569269 19982 
83 37361 397339 19908 
84 37370 63517 9960 
85 37355 7142586 19992 
86 37356 5553635 19998 
87 37359 427120 19890 
1 76232 2444 269722 
2 59810 217 9542 
3 37357 6243772 19992 
4 61363 78 115709 
5 37372 92471 9945 
6 83175 2627 504410 
7 75281 120 194137 
8 37337 12749665 19989 
9 68250 260 106865 
10 37368 29278 19860 
11 56517 172 99446482 
12 37336 2802 1990 
13 63033 336 253152 
1 58526 479 1599 
2 36873 1403 
3 33763 -392 
4 27415 1204502 
5 39247 2344 919 
6 27684 1114440 
7 64903 375 1650 
8 73873 655463 170 
9 76715 32 312 
10 47222 10991026 
11 61364 324 1481 
12 84680 1777 562 
13 59787 422 3042 
14 27681 1227588 
15 68519 2255 820 
16 64948 549 1605 
17 76121 2538 630 
18 55605 1824 198 
19 27676 1298584 
20 59786 308 3297 
21 27678 1360648 
22 68251 2449 3 
23 59811 3110 
24 81802 2362 1205 
25 47015 2201 964 
26 72603 11502652 
27 48466 667 4009 
28 56518 1913 147 
29 27674 1270611 
30 33190 80 
31 27672 1181604 
32 40993 1825 236 
33 27668 1276671 
34 83148 6653 2522 
35 78043 8830 3510 
36 68280 2619 4 
37 73844 255632 119 
38 29666 358 
39 52189 4075 21 
40 27679 1233604 
41 75255 767 2074 
42 33097 321 
43 84712 1827 569 
44 63034 161 746 
45 27669 1496782 
46 27666 1133522 
47 27682 1439681 
48 27670 1388527 
49 55814 1102 1029 
50 61398 228 1339 
51 76686 30 303 
52 60260 2167 718 
53 38593 721640 
54 76233 2606 613 
55 81484 2662364 
56 33488 69 
57 36031 438669 
58 56546 1991 273 
59 35907 842 
60 70545 2671 419 
61 63067 250 568 
62 27680 1271558 
63 59723 2010 613 
64 70079 2484 918 
65 37153 761579 
66 27671 1372648 
67 69896 356 2428 
68 83176 4948 1520 
69 45252 2656 1665 
70 57425 2226 902 
71 58485 416 1390 
72 55635 2187 159 
73 27685 1226529 
74 79731 2400 852 
75 59696 708 2833 
76 35992 1296 
77 27677 1322594 
78 72576 1253 2494 
79 27667 1212392 
80 35476 820 
81 48439 742 4054 
82 27673 1400631 
83 38952 3081 1656 
84 46976 2093 935 
85 27675 1360537 
86 33520 323 
87 40734 1911 178 
88 27683 1044448 
89 51987 3864 28 
1 58526 479 1599 
2 36873 1403 
3 33763 -392 
4 27415 1204502 
5 39247 2344 919 
6 27684 1114440 
7 64903 375 1650 
8 73873 655463 170 
9 76715 32 312 
10 47222 10991026 
11 61364 324 1481 
1 25358 61 31 57 55
2 23759 124 127 128 132
3 23565 48 51 52 54
4 23452 74 24 25 68
5 23337 198 208 209 218
6 23336 9 84 92 93
7 23329 28 29 30 162020880
8 23278 51 54 55 57
9 23203 36 39 40 42
10 22438 49 50 98 101
11 22437 4 29 113 418
12 22066 40 20 29 36
13 21905 22 18 21 17
14 21714 62 31 57 55
15 21418 176 178 179 180
16 20965 21 23 24 25
17 20907 19 33 36 32
18 20825 70 71 141 72
19 20811 25 21 24 20
20 20126 164 82 163 160
21 19750 25 40 43 60
22 19635 59 115 229 124
23 19251 41 14 35 32
24 19120 65 66 329 71
25 18958 5 8 22 19
26 18934 51 45 50 44
27 18370 207 100 102 197
28 18268 94 51 100 103
29 18199 21 7 18 2
30 18144 39 43 44 88
31 18124 3 103 306 108
32 17976 36 39 77 80
33 17875 60 62 63 64
34 17752 25 13 23 21
35 17682 33 30 32 29
36 17638 19 16 18 15
37 17560 28 14 24 23
38 17532 7 10 19 18
39 16385 140 47 48 130
40 16330 14 24 26 23
41 16266 69 70 139 140
42 15336 28 48 54 47
43 14954 9 2 3 6
44 13966 28 27 52 50
45 13965 17 11 23 6
46 13964 192 99 196 160
47 13962 52 48 50 12
48 13961 85 82 84 81
49 13960 445 446 891 893
50 13912 33 36 70 57
51 13831 255 127 253 247
52 13084 54 21 23 40
53 12928 5 8 4 7
54 12737 13 10 19 6
55 12473 126 63 125 1
56 12448 28 25 52 33
57 12251 58 12 55 52
58 12108 40 10 39 7
59 11951 П1 АГВБДДГВБЕ В3
60 11840 87 159 172 156
61 11669 3158 358 1073 1080
62 11283 14 57 64 65
63 11282 18 17 62 60
64 11281 81 17 76 71
65 11280 23 22 61 60
66 11279 137 69 70 129
67 11278 110213 218 212
68 11277 17 63 65 62
69 11276 152 51 52 142
70 11275 30 54 57 52
71 11238 150 50 141 139
72 10721 4 1 2
73 10102 64 32 63 62
74 10025 49 44 48 43
75 9842 27 24 26 23
76 9788 14 11 13 10
77 9750 29 25 28 24
78 9706 12 4 10 9
79 9549 10 9 22 21
80 9374 38 17 18 16
81 9166 22 11 21 18
82 9072 92 43 44 29
83 8956 7 8 23 28
84 8710 6 7 10 8
85 8684 4 3 51
86 8594 23 37 44 36
87 8564 35 37 140 39
88 8506 18 6 14 13
89 8477 96 95 38 8
90 8439 38 22 35 16
91 8419 32 26 35 10
92 8375 13 14 16 15 17
93 8275 11 6 10 5
94 8163 39 38 110 108
95 8008 38 72 74 71
96 7850 36 18 33 32 34
97 7821 83 80 82 79
98 7720 20 18 13
99 7685 2197 549 1097 1093
100 7621 14 10 13 9
1 58530 30 
2 78047 16 
3 47602 36 
4 79735 218 
5 68255 209 
6 52193 54 
7 60264 7 
8 47590 23 
9 58331 6 
10 47587 25 
11 59700 307 
12 76690 34 
13 47549 24 
14 47611 33 
15 47614 93 
16 47597 22 
17 72580 14 
18 47604 44 
19 47600 33 
20 47595 29 
21 47609 47 
22 47586 34 
23 47593 33 
24 81488 3 
25 63038 73 
26 57429 47 
27 55639 10 
28 61368 6 
29 47582 34 
30 70549 5 
31 47584 23 
32 47591 25 
33 61402 9 
34 48443 581 
35 47589 21 
36 47613 36 
37 47598 27 
38 47601 28 
39 47592 20 
40 47612 43 
41 47599 27 
42 68284 247 
43 47588 24 
44 64952 146 
45 76125 4 
46 47226 17 
47 59788 211 
48 47608 38 
49 68523 7 
50 58489 39 
51 48470 597 
52 47606 35 
53 47603 43 
54 75259 32 
55 70083 2 
56 84716 114 
57 73848 43 
58 47610 31 
59 73877 53 
60 76719 26 
61 47605 35 
62 55609 12 
63 47607 48 
64 47616 54 
65 47583 25 
66 55818 37 
67 56550 295 
68 56522 246 
69 84684 106 
70 69900 347 
71 83180 116 
72 76237 6 
73 47596 28 
74 47594 28 
75 81806 12 
76 58332 5 
77 47615 54 
78 83152 103 
79 59815 265 
80 72607 16 
81 51991 72 
82 64907 150 
83 58330 2 
84 58333 1 
85 59727 307 
86 63071 65 
1 58530 30 
2 78047 16 
3 47602 36 
4 79735 218 
5 68255 209 
6 52193 54 
7 60264 7 
8 47590 23 
9 58331 6 
10 47587 25 
11 59700 307 
12 76690 34 
13 47549 24 
14 47611 33 
1 75260 40 
2 68524 100 
3 61403 26 
4 6430 60 
5 13471 10 
6 10298 169 
7 59770 360 
8 83153 69 
9 18634 159 
10 58214 20 
11 68285 53 
12 9206 39 
13 27248 15 
14 76720 8 
15 60265 37 
16 6997 84 
17 51992 6 
18 15144 315 
19 16397 81 
20 16825 22 
21 13368 18 
22 79736 360 
23 14783 40 
24 64953 46 
25 5977 25 
26 15932 150 
27 29129 48 
28 13552 961 
29 16898 26 
30 37158 650 
31 7706 65 
32 63072 6 
33 7347 71 
34 18091 28 
35 59701 90 
36 81489 10 
37 55610 11 
38 29207 13 
39 68256 43 
40 84717 12 
41 73878 21 
42 76126 47315 
43 45257 96 
44 33768 195 
45 18450 26 
46 48471 18 
47 13418 13 
48 84685 10 
49 40998 672 
50 64908 53 
51 59846 76 
52 72608 28 
53 16451 96 
54 11123 23 
55 61369 21 
56 39252 55 
57 56551 96 
58 33493 212 
59 63039 4 
60 6965 40 
61 13498 169 
62 27307 48 
63 9314 35 
64 70550 36 
65 59771 63 
66 15862 14 
67 15990 100 
68 14281 89 
69 11251 45 
70 58531 168 
71 19071 28 
72 15807 22 
73 14237 144 
74 13579 1936 
75 26994 112 
76 59768 6006 
77 58224 170 
78 46981 213 
79 26965 50 
80 59728 200 
81 3607 7 
82 69901 64 
83 7315 83 
84 18598 152 
85 11358 60 
86 56523 152 
87 17386 57 
88 36036 29 
89 13525 81 
90 59816 18 
91 69931 381662184 
92 48444 16 
93 25852 28 
94 18828 324 
95 81807 68 
96 59772 31 
97 4944 88 
98 18570 192 
99 13749 60 
100 6196 88 
1 63040 222 
2 55641 85 
3 84718 68613 
4 58327 11 
5 56552 42 
6 48472 4 
7 64954 2835 
8 59790 3844 
9 59817 49 
10 29672 467 
11 52195 255 
12 81490 3026 
13 78080 71 
14 58532 15729 
15 84686 68616 
16 33103 485 
17 58328 90 
18 27695 45 
19 27689 13 
20 78049 51 
21 76127 144 
22 73850 67622777 
23 38602 188 
24 47228 95 
25 47021 11138 
26 69932 40 
27 27688 7 
28 33769 K 
29 27694 24 
30 59847 82167 
31 63073 253 
32 59702 244 
33 35913 Y 
34 59793 1820 
35 68525 17 
36 33196 G 
37 58329 33 
38 81808 2981 
39 61404 224 
40 27698 1 
41 27421 35 
42 72609 68 
43 60266 133 
44 68286 330 
45 38958 337 
46 59848 40 
47 40740 282 
48 76721 198 
49 70085 735435 
50 37159 2252 
51 27699 15 
52 33494 Y 
53 59849 41 
54 40999 275 
55 83182 368 
56 75261 127 
57 37131 2796 
58 57431 84 
59 27690 42 
60 76692 221 
61 27691 7 
62 76239 145 
63 45258 65 
64 55820 544 
65 68257 322 
66 59789 169 
67 35998 1004 
68 70551 154 
69 36879 1001 
70 59729 195560 
71 59791 2086 
72 39253 354 
73 27697 11 
74 72582 85 
75 79737 2598 
76 73879 633197952 
77 35482 T 
78 36037 1713 
79 56524 45 
80 46982 9655 
81 59792 1523 
82 55611 82 
83 58326 8 
84 64909 2844 
85 61370 182 
86 27693 1 
87 83154 428 
88 48445 5 
89 59794 1765 
90 58491 23246 
91 27686 19 
92 69902 970249 
93 51993 266 
94 33526 D 
95 27692 11 
96 27696 7 
97 27687 10 
1 63040 222 
2 55641 85 
3 84718 68613 
1 28121 1 2422027 2 2422033 3 2422037 4 2422073 
2 51994 12363957 120663351 120963159 124763850 125063658 
3 33495 2053440 2098080 2328480 2638944 
4 47229 162139404 80148 1321399324 653188 1421396214 702618 1521393104 752048 
5 57432 1226156 3868 12321156 38868 12511356 39468 12701556 40068 12891756 40668 
6 27854 2 4 55102 110204 2 14 15746 110222 2 6 36742 110226 2 22 10022 110242 
7 28120 1 3 67153 201459 1 13 15497 201461 1 29 6947 201463 1 2 100733 201466 
8 61405 3422584 352258984 3022582904 3122588744 3222584464 3322580184 3422586024 3522581744 36225875843722583304 3822589144 3922584864 
9 33104 294499921 2248091 352275361 2571353 373301041 2685619 
10 73880 109348849 134397649 152349649 193404649 
11 75262 495073 48507813 405707653 495007613 495568073 
12 27850 22 245711 30 245719 34 245723 52 245741 58 245747 64 245753 
13 59818 53831655 26505 333126651 164021 512313657 252247 647931651 319021 831966654 409634 
14 33770 106084178 106492418 106784498 106842962 
15 63041 100430211 176430261 1374430221 1450430271 1973430201 
16 27853 1 2 4 78157 156314 312628 1 3 9 34739 104217 312651 
17 68258 464967 41764977 406444977 436439907 464337927 464884947 
18 36880 408146688 452984832 516560652 573308928 
19 27857 72 84084 
20 55821 1271361 4657 12633621 46277 12663651 46387 12693681 46497 
21 36038 452025 150678 452029 23810 452034 226019 452048 226026 452062 226033 
22 55642 1069615 1769610225 1869611695 1969613165 
23 64955 1003418207 1149418237 1295418267 1441418297 1764418227 1910418257 
24 83183 1474997 1474992 1474973 1474968 1474954 
25 72583 110254175 110271687 110275397 110281336 
26 68526 351261495 183235 3212614035 1675855 3412614645 1780185 3712414275 1936575 3912414885 2040905 
27 38603 700005 233338 700007 100008 700012 350008 700015 140008 700031 24168 
28 58492 1076020 10760200 107602000 1076020000 1576026930 
29 59703 321657 159 34105757 16859 35117257 17359 36128757 17859 37140257 18359 38151757 18859 39163257 19359 
30 39254 1008 1797092 48408867 1800 1156923 
31 81497 6000002 6000034 6000176 6000190 6000272 6000276 
32 73851 114297481 141824281 142587481 149842081 
33 59850 154698 59 11468628 4374 12425658 4739 15401628 5874 16476648 6284 17433678 6649 19452618 7419 
34 28124 144 568260 
35 69933 700004 350004 700009 41194 700023 233344 700024 350014 700044 350024 
36 58533 1027110 10271100 102711000 1027110000 1527116930 
37 84687 782386498 7023064168 7023864438 7623064068 7623864338 
38 71002 800004 400004 800009 114294 800013 266674 800024 400014 800033 61554 
39 47022 17 1119403 151 16666667 27272728 
40 76722 428217 438211767 488231157 
41 81498 7500045 7500107 7500131 7500317 7500589 
42 63074 100423917 176423967 1374423927 1450423977 1973423907 
43 56553 1026558 1226553198 1526550168 
44 37130 600001 437 600002 47 600003 1227 600005 217 600012 16667 
45 59773 30117857 15127 31113357 15627 32108857 16127 33104357 16627 
46 41000 8672 8388 8532 7042 7364 
47 76240 750002 35482 750007 16316 750021 125005 750022 29392 750024 31919 
48 68287 337329 323717319 337119309 337666329 362373399 383798349 
49 27858 128 120120 
50 27855 2 10 50 3826 19130 95650 2 26 338 566 7358 95654 2 4 8 23918 47836 95672 
51 60267 142157664 70236 1021575544 504731 1121571264 554136 1221577104 603546 1321572824 652951 1421578664 702361 1521574384 751766801171 1721575944 850581 1821571664 899986 1921577504 949396 
52 76693 482883 422868843 472888233 
53 48473 1895421 1295437121 1395498421 1795441321 
54 28123 2 6 18 13918 41754 125262 2 4 8 31322 62644 125288 2 6 18 13922 41766 125298 
55 79738 500032 1070356 500035 606816 500039 501456 500050 949716 500052 1333696 
56 76128 30 229 26 173 14 53 10 29 6 13 
57 84719 553497122 5134171692 5134971962 5734171592 5734971862 
58 48446 1349341 1249338041 1549348941 1849359841 
59 37160 500002 178 500004 18 500016 48 500018 58 500020 4348 
60 61371 3969064*336906944*3069064064*3169069904*3269065624*3369061344*3469067184*3569062904*3669068744*3769064464*3869060184* 
61 78050 1750001 1750006 1750023 1750041 1750044 
62 52196 120993011 122093715 126193212 127293916 
63 35999 201326592 229582512 254803968 322486272 
64 45259 123450798 5367426 123451718 5367466 123453788 5367556 123454708 5367596 123456778 5367686 123459768 5367816 
65 28122 1 19 25759 489421 1 2 244711 489422 1 13 37649 489437 
66 46983 41818182 261959 5 271 57500001 
67 56525 1072461 1272460371 1772469231 
68 72610 112508413 112520369 112523549 112534952 
69 27852 1 2 92657 185314 1 47 3943 185321 1 241 769 185329 
70 64910 1001402299 1108402249 1484402259 1591402209 1860402269 1967402219 
71 33527 101075762 101417282 101588258 101645282 
72 35483 35819648 38950081 39037448 39337984 
73 55612 1039485 1739480225 1839481695 1939483165 
74 33197 1113840 1179360 1208844 1499400 
75 81491 7000018 7000076 7000088 7000096 7000124 
76 38959 1728 21632 1260 1152 4127787 
77 27856 1 3 9 10627 31881 95643 1 7 49 61 427 2989 1 5 25 1913 9565 47825 
78 40741 6876 6374 6924 8024 8358 
79 29673 131079601 1225043 141158161 1295029 163047361 1442897 
80 83155 1324994 1324992 1324991 1324986 1324980 
81 27422 3 58153 7 24923 59 2957 13 13421 149 1171 5 34897 211 827 2 87251 
82 35914 45212176 45265984 47458321 48469444 
83 27851 2 4 52561 105122 2 4 52567 105134 2 4 52571 105142 
1 28121 1 2422027 2 2422033 3 2422037 4 2422073 
2 51994 12363957 120663351 120963159 124763850 125063658 
3 33495 2053440 2098080 2328480 2638944 
4 47229 162139404 80148 1321399324 653188 1421396214 702618 1521393104 752048 
5 57432 1226156 3868 12321156 38868 12511356 39468 12701556 40068 12891756 40668 
6 27854 2 4 55102 110204 2 14 15746 110222 2 6 36742 110226 2 22 10022 110242 
7 28120 1 3 67153 201459 1 13 15497 201461 1 29 6947 201463 1 2 100733 201466 
8 61405 3422584 352258984 3022582904 3122588744 3222584464 3322580184 3422586024 3522581744 36225875843722583304 3822589144 3922584864 
9 33104 294499921 2248091 352275361 2571353 373301041 2685619 
10 73880 109348849 134397649 152349649 193404649 
11 75262 495073 48507813 405707653 495007613 495568073 
12 27850 22 245711 30 245719 34 245723 52 245741 58 245747 64 245753 
13 59818 53831655 26505 333126651 164021 512313657 252247 647931651 319021 831966654 409634 
14 33770 106084178 106492418 106784498 106842962 
15 63041 100430211 176430261 1374430221 1450430271 1973430201 
16 27853 1 2 4 78157 156314 312628 1 3 9 34739 104217 312651 
17 68258 464967 41764977 406444977 436439907 464337927 464884947 
1 36039 1612 90 
2 59852 18746 500 
3 58534 168 6 
4 70553 52326 635 
5 27882 369 9 
6 79739 1040 57 
7 61372 18 29 
8 81493 1770 4 
9 28132 595 32 
10 33528 5895 227 
11 60967 5147132 18746 
12 33105 459678 543 
13 64911 115 225 
14 61406 16 52 
15 59851 22262050 33246829 
16 56526 7 97924 
17 81492 4955 995 
18 47023 9 995 
19 28141 729 23 
20 75263 20 58612 
21 78051 1432 15 
22 59821 448 515 
23 27885 650 27 
24 72611 1525 6 
25 33496 122 10000 
26 55822 586 3 
27 45260 59966 50449 
28 63042 118 467 
29 41001 7768 20 
30 27884 813 35 
31 48474 23 1306 
32 27880 611 27 
33 27888 601 34 
34 28138 509 31 
35 27883 149 7 
36 76694 5669 29011899 
37 52197 1888 189 
38 68259 4984 1 
39 76723 5632 28804430 
40 64956 103 248 
41 76241 8282 1 
42 83156 171 701 
43 59822 18456  99999 
44 56554 6 27692 
45 84720 359 86023641 
46 55643 32 79316 
47 59853 18748 99999 
48 83184 503 805 
49 59704 16 1345 
50 73852 35669 478 
51 68288 4973 4 
52 73881 3348 535 
53 36881 10 933100556 
54 39255 154 87 
55 84688 360 376359 
56 28139 200 10 
57 69904 665 61 
58 36000 15 954387771 
59 78082 473 4 
60 69934 99999 4989 
61 63075 126 469 
62 69935 228 83 
63 37161 8631 7311 
64 35484 15 976339247 
65 27887 459 45 
66 57433 344 53 
67 28140 666 21 
68 68527 2172 50 
69 27886 458 39 
70 27881 397 17 
71 27423 568 50 
72 33771 7165 245 
73 81810 564 444 
74 76129 8433 5 
75 59776 53 1 
76 59819 16 1008 
77 35915 14 679730035 
78 46984 10 2786 
79 55613 26 97586 
80 47230 2767 51 
81 33198 123 10000 
82 38960 157 267 
83 72584 4229 23 
84 29674 469784 511 
85 58493 717 19 
86 40742 5000 46 
87 51995 2326 187 
88 60268 32 15 
89 48447 17 1767 
90 59731 17 35 
1 36039 1612 90 
2 59852 18746 500 
3 58534 168 6 
4 70553 52326 635 
5 27882 369 9 
6 79739 1040 57 
7 61372 18 29 
8 81493 1770 4 
9 28132 595 32 
10 33528 5895 227 
1 76421 43592 148953 7266 18292 
2 36001 44067 301653067 
3 76438 56173 138075 28283 33540 
4 76695 86630 35219 
5 73882 8402 10501 
6 58535 444047 523970 
7 76724 87655 57370 
8 76424 42152 155155 28828 32008 
9 68260 30419 398 
10 55614 10 4298659 
11 59826 9992901218 9999600004 
12 68289 119151 299996720 
13 76426 54748 159697 41050 4944 
14 40743 97011 24932 
15 27990 0 82307095 
16 28133 00 9991 9689|00 9971 9709 
17 37162 159 67059 
18 59732 2411 10713426 
19 59777 12 24 
20 27891 447552 994000 
21 27991 8759 3077 10000 9996|3077 8759 10000 9996|3077 8759 9996 10000|8759 3077 9996 10000 
22 61373 214796 21506 
23 33199 541 300229428 
24 52198 22 44211393 
25 76440 49704 150425 38907 20259 
26 46985 403 1801801220 
27 79740 26216 24182 150891 63754 
28 59820 12 84 
29 83157 1126711 1517181 213883 264132 
30 55644 89 35773558 
31 33497 185 100918194 
32 27890 118951 394491666 
33 76425 48669 156852 24349 36468 
34 76436 44212 159905 11258 43747 
35 59824 2458862 11367571 
36 76435 54401 158577 4071 39836 
37 84689 145015 313020 29254 488624 
38 35485 2697 299986167 
39 70554 10738 30730 37522 51277 
40 47231 51063 5634689219329 
41 29675 127026 399759471 
42 33106 67407 200168361 
43 56527 350 507749149 
44 73853 10001 8504 
45 76422 49317 150225 13311 10797 
46 83185 1171117 1532167 222238 280837 
47 84721 442426 428913 30588 488624 
48 55823 174902 3094684 
49 81811 38471 61225 142058 25299 
50 76430 43598 166165 17382 30732 
51 72612 4597 23685 25450 24994 
52 33772 61772 18484085 
53 63076 205706 23894 
54 47024 344 1620157920 
55 64957 118755 299998125 
56 76439 42400 144198 20441 32144 
57 56555 32 68713559 
58 36882 61771 300868313 
59 59854 1993 9999996 
60 76423 53372 153248 10513 38982 
61 72585 9877 55816 26104 34664 
62 76242 51318 7467 62068 6005 
63 75264 8807 10741. 
64 61407 215226 23922 
65 28130 3 625350 
66 76437 49314 162434 12031 42507 
67 76427 43278 161512 21371 27790 
68 78052 178755 2896 37392 50998 
69 38604 185 329329 
70 76429 54770 165573 17360 46837 
71 76432 54425 133945 30768 35102 
72 68528 141530 18192010182272 
73 59855 30 9 
74 35916 327 19851 
75 59705 166998 15102 
76 76431 50382 146389 29752 30455 
77 59825 215226 23922 
78 69905 4000 3996 
79 28129 728 977 9982 9992 
80 57434 1608 7142285 
81 76434 49329 156106 95890 140034 
82 76428 47817 162912 10895 45618 
83 60269 189536 17210 
84 36040 784594 8819088760 
85 76130 32055 58097 31886 25834 
86 45261 471228 49113954961677 
87 81499 -5307 13171 37522 51277 
88 27889 67088 200157478 
89 48475 80 572809515 
90 39256 4777208 979268310 
91 63043 205323 20668 
92 33529 121184 36898658 
93 28131 8096 6544 9977 9943|8096 6544 9982 9938|8096 6544 9967 9953|8096 6544 9990 9930|8096 6544 9987 9933|8096 65449978 9942|8096 6544 9998 9922|8096 6544 9982 9938|8096 6544 9979 9941|8096 6544 9966 9954|8096 6544 99939927|8096 6544 9999 9921|8096 6544 9981 9939|8096 6544 9975 9945|8096 6544 9964 9956 
94 64912 118728 299998014 
95 51996 306 360950279 
96 58494 346204 407867 
97 38961 4779554 979258630 
98 27989 19 199360639 
99 41002 86097 25057 
1 76421 43592 148953 7266 18292 